x
-1.000000 1.000000
1 104.102830 108.250660
2 104.100136 108.225540
3 104.066666 108.200250
4 0.530242 4.554453
5 1.794576 21.281755
6 -349.784970 25.829857
7 -0.000000 0.000000
8 -3.598161 2.412403
9 -1.994481 16.866661
10 -8.153767 -5.032582
11 4.420831 8.113847
12 -8.073720 -3.716823
13 0.487815 2.227748
14 1.783105 8.040013
15 -1.340973 10.754333
16 -0.000000 0.000000
17 -1.199598 2.003644
18 -1.558142 4.786934
19 -1.603146 -0.000020
20 0.329023 1.429847
21 -33.237896 172.648180
22 0.653905 1.866610
23 2.654703 7.787434
24 -3.404435 4.591727
25 -0.000000 0.000000
26 -1.438656 1.437915
27 -1.651733 4.506084
28 -2.473026 -0.018175
29 0.623749 2.059873
30 -66.508415 67.797844
31 0.928550 2.455094
32 3.181357 10.700284
33 -6.145433 13.411742
34 -0.000000 0.000000
35 -1.164046 1.711559
36 -1.639351 5.446131
37 -1.246961 1.068597
38 0.352617 1.597687
39 -55.498566 218.100750
40 0.935980 2.516492
41 3.264803 11.153871
42 -8.439667 10.690305
43 -0.000000 0.000000
44 -1.373033 1.874666
45 -1.687636 5.945549
46 -1.980921 0.487878
47 0.554015 2.219677
48 -87.203995 109.649520
49 0.902824 2.791192
50 3.818204 10.553711
51 -21.704317 10.359771
52 -0.000000 0.000000
53 -1.738495 1.025091
54 -1.605838 6.097048
55 -2.149638 0.949543
56 0.436730 1.821791
57 -153.196870 40.973880
58 1.046581 2.940190
59 3.948276 13.679721
60 -11.675450 10.555701
61 -0.000000 0.000000
62 -1.654100 1.182872
63 -1.338223 5.079512
64 -2.040946 0.763541
65 0.491677 2.242174
66 -173.768130 70.886740
67 1.197409 3.112618
68 4.684481 12.082953
69 -20.608759 13.918562
70 -0.000000 0.000000
71 -1.175168 1.124844
72 -1.507323 4.600205
73 -1.550892 1.174657
74 0.573785 2.206436
75 -89.361374 180.541140
76 1.312887 3.068760
77 4.509190 12.849133
78 -16.657185 24.914170
79 -0.000000 0.000000
80 -1.455194 1.441535
81 -1.540126 6.166933
82 -1.611912 1.133969
83 0.667474 2.179870
84 -75.644640 112.484360
85 1.394376 3.528801
86 4.112441 15.450390
87 -40.247135 24.416580
88 -0.000000 0.000000
89 -1.066122 1.396471
90 -1.498160 3.783252
91 -1.442003 1.469014
92 0.584965 2.167645
93 -33.472313 522.789300
94 1.259737 3.069749
95 4.032584 13.168180
96 -18.846520 17.882305
97 -0.000000 0.000000
98 -1.098658 1.239373
99 -1.526224 3.559133
100 -2.218343 1.445213
101 0.534977 2.215958
102 -75.803210 60.323240
103 1.278368 3.803100
104 4.988518 14.428481
105 -36.796974 31.464947
106 -0.000000 0.000000
107 -1.531573 1.191183
108 -1.508680 4.139069
109 -1.350080 0.741933
110 0.089360 0.762518
111 -37.076424 4014.421100
112 0.170217 4.461364
113 0.589566 19.769146
114 -316.725900 20.068556
115 -0.000000 0.000000
116 -3.466321 2.175509
117 -1.550714 15.726448
118 -0.325638 0.344468
119 0.053864 0.511366
120 -2.282270 2.210724
121 0.134023 1.141163
122 0.428114 6.402706
123 -0.388111 1.162798
124 -0.000000 0.000000
125 -2.382599 1.363185
126 -1.642345 9.146289
127 -0.125714 0.283779
128 0.062623 0.398187
129 -30.057125 7.916606
130 0.196426 1.207020
131 0.646123 5.647285
132 -0.974026 6.159280
133 -0.000000 0.000000
134 -2.426897 3.403887
135 -1.452633 15.563062
136 -0.294470 0.181870
137 0.112036 0.606599
138 -25.551481 15.577430
139 0.237341 1.539461
140 0.873157 8.856196
141 -2.675294 0.682043
142 -0.000000 0.000000
143 -2.562428 1.136479
144 -1.748254 10.262535
145 -0.298175 0.295338
146 0.116463 0.583747
147 -21.350908 38.431602
148 0.293199 2.035377
149 0.998581 11.970418
150 -4.607071 9.531807
151 -0.000000 0.000000
152 -2.442090 2.353869
153 -1.492820 9.962406
154 -0.351231 0.205366
155 0.168617 0.643596
156 -49.727127 36.763065
157 0.341066 2.034215
158 1.102444 10.475163
159 -20.373169 7.284916
160 -0.000000 0.000000
161 -2.352104 2.459529
162 -1.584818 10.257585
163 -0.408037 0.262210
164 0.111027 1.010157
165 -22.890785 53.089160
166 0.288839 2.326815
167 1.136261 12.738228
168 -7.555809 29.289192
169 -0.000000 0.000000
170 -2.784685 2.883546
171 -1.497019 12.735581
172 -0.477394 0.356274
173 0.187122 0.897124
174 -41.127480 27.462938
175 0.336766 2.135333
176 1.217465 11.477461
177 -6.977134 27.919815
178 -0.000000 0.000000
179 -2.876521 3.206221
180 -1.404647 14.388650
181 -0.411609 0.416186
182 0.145884 0.845601
183 -102.420370 15.499801
184 0.332456 2.368234
185 1.286730 13.121696
186 -22.865330 7.698742
187 -0.000000 0.000000
188 -2.610768 2.639147
189 -1.585414 10.894381
190 -0.498511 0.447746
191 0.177045 0.875500
192 -535.138400 18.022669
193 0.390323 2.334795
194 1.331168 12.708490
195 -7.936313 14.980012
196 -0.000000 0.000000
197 -2.262068 3.290466
198 -1.563134 14.828143
199 -0.409655 0.303517
200 0.195098 0.878273
201 -17.303137 51.205803
202 0.399022 2.509443
203 1.473138 14.104070
204 -33.522800 2.174737
205 -0.000000 0.000000
206 -2.061564 1.796503
207 -1.644748 10.218094
208 -0.460767 0.454573
209 0.174743 0.830380
210 -160.634450 34.117558
211 0.376724 1.924431
212 1.319139 11.210101
213 -6.130134 12.083329
214 -0.000000 0.000000
215 -2.430717 2.947609
216 -1.804678 12.191848
217 -1.558164 0.284474
218 0.072660 0.741397
219 -21.476380 131.374240
220 0.132043 4.309784
221 0.486275 18.086672
222 -244.675420 2.599048
223 -0.000000 0.000000
224 -2.970381 3.004526
225 -1.445192 12.546984
226 -0.270979 0.350845
227 0.035864 0.435022
228 -68.661340 27.324640
229 0.077471 1.590136
230 0.278756 8.301834
231 -6.443180 11.656938
232 -0.000000 0.000000
233 -3.046902 3.013930
234 -1.466077 13.352428
235 -0.426829 0.205492
236 0.055255 0.328142
237 -42.828255 252.611700
238 0.132608 1.233633
239 0.430566 5.732515
240 -5.425707 1.790676
241 -0.000000 0.000000
242 -2.837996 2.782226
243 -1.451296 12.700225
244 -0.463167 0.383288
245 0.059682 0.478882
246 -13.884068 31.621136
247 0.166973 2.180719
248 0.645108 11.081450
249 -31.634040 4.716760
250 -0.000000 0.000000
251 -2.964446 2.850893
252 -1.674215 12.999895
253 -0.598802 0.640790
254 0.090495 0.540233
255 -43.058100 329.493440
256 0.208647 2.934243
257 0.721580 14.849865
258 -46.956078 78.604640
259 -0.000000 0.000000
260 -3.053427 3.073865
261 -1.564375 13.843245
262 -0.606213 0.482881
263 0.114933 0.509873
264 -635.792050 86.290290
265 0.243333 2.658147
266 0.828532 14.026464
267 -42.032030 51.354740
268 -0.000000 0.000000
269 -3.082548 2.893344
270 -1.612020 13.179988
271 -0.585073 0.825829
272 0.122876 0.715491
273 -44.955593 25.501295
274 0.231437 3.096850
275 0.754434 14.402377
276 -50.637493 93.928250
277 -0.000000 0.000000
278 -3.037749 3.073433
279 -1.618713 12.894853
280 -0.658494 0.661691
281 0.081075 0.695189
282 -10.175536 67.524376
283 0.216780 2.823797
284 0.724853 13.669812
285 -68.325360 27.670840
286 -0.000000 0.000000
287 -2.948966 3.061406
288 -1.549010 12.984287
289 -0.461940 0.775914
290 0.109540 0.651387
291 -21.231062 59.086338
292 0.251035 3.240562
293 0.864714 15.324574
294 -22.421041 105.443340
295 -0.000000 0.000000
296 -2.648735 3.011248
297 -1.654229 12.976858
298 -0.575707 0.731349
299 0.094479 0.576532
300 -23.202024 85.554870
301 0.255048 3.149787
302 0.957346 15.061321
303 -26.309353 93.122350
304 -0.000000 0.000000
305 -3.085799 3.091704
306 -1.649393 13.282287
307 -0.592951 0.913710
308 0.142842 0.713398
309 -31.277916 367.740600
310 0.275173 3.401761
311 0.958876 15.971669
312 -41.952087 127.562370
313 -0.000000 0.000000
314 -2.872830 3.149193
315 -1.490295 13.410842
316 -0.595175 0.384139
317 0.140808 0.724386
318 -36.322807 14.735080
319 0.268326 2.736382
320 0.920375 13.682223
321 -64.963470 15.256913
322 -0.000000 0.000000
323 -3.081253 2.629378
324 -1.508677 13.473925
325 30.011103 32.585000
326 29.917326 32.584915
327 29.821840 32.584830
328 0.052272 2.346605
329 0.195372 6.193273
330 -10.187740 0.007254
331 -0.000000 0.000000
332 -3.704654 0.491750
333 -1.981236 17.543858
334 -0.505100 0.391687
335 0.023401 0.327426
336 -27.322924 10.986202
337 0.044029 1.498023
338 0.158902 6.584569
339 -9.774981 4.157278
340 -0.000000 0.000000
341 -3.712832 2.805116
342 -1.303197 17.605587
343 -0.403451 0.168956
344 0.016084 0.389876
345 -4.472878 13.005123
346 0.032208 1.099039
347 0.119523 5.083645
348 -1.870873 1.007371
349 -0.000000 0.000000
350 -3.563948 2.087889
351 -1.220544 16.601788
