x
-1.000000 1.000000
1 103.886840 108.969470
2 103.884346 108.956460
3 103.881840 108.943375
4 0.528391 3.562343
5 2.000791 11.678309
6 -11.808065 30.624033
7 -0.000000 0.000000
8 -1.100512 1.987728
9 -1.826129 7.397632
10 -8.188911 -5.737903
11 5.530823 8.117318
12 -8.047083 -5.209298
13 0.365101 2.042418
14 1.148374 7.686020
15 -1.224962 10.763731
16 -0.000000 0.000000
17 -1.320652 1.558689
18 -1.550160 3.784251
19 -1.889688 -0.004519
20 0.314196 1.704258
21 -11.077059 22.427557
22 0.613004 1.922701
23 2.219123 6.651897
24 -4.699284 1.934036
25 -0.000000 0.000000
26 -1.282517 1.847007
27 -1.654554 6.790333
28 -2.489398 -0.207789
29 0.669381 2.163827
30 -30.960154 29.705194
31 0.982028 2.216524
32 3.389336 9.525770
33 -5.612400 4.367557
34 -0.000000 0.000000
35 -1.194120 1.169096
36 -1.426531 2.379476
37 -1.865469 0.801597
38 0.527152 1.604274
39 -83.055070 89.148926
40 0.995181 2.532186
41 3.931845 10.644487
42 -6.299404 8.056227
43 -0.000000 0.000000
44 -1.413999 1.267507
45 -1.763100 3.263444
46 -1.762099 0.424867
47 0.377870 1.671665
48 -34.240020 111.494260
49 1.164167 2.383296
50 4.336204 9.934394
51 -16.850273 9.165967
52 -0.000000 0.000000
53 -1.597777 1.291277
54 -1.479075 4.866423
55 -1.680140 1.657269
56 0.552335 2.079740
57 -51.825855 202.312620
58 1.386436 3.215160
59 4.853561 12.145123
60 -14.075082 15.824570
61 -0.000000 0.000000
62 -1.051711 1.254695
63 -1.325854 3.076857
64 -1.979725 1.601724
65 0.541434 2.155487
66 -184.908860 31.007483
67 1.217780 2.991841
68 4.493987 11.849823
69 -14.844105 17.343855
70 -0.000000 0.000000
71 -1.274178 1.185022
72 -1.522379 5.138849
73 -1.637244 1.366797
74 0.502020 2.224752
75 -133.401670 333.639100
76 1.268982 3.088776
77 4.771336 12.753743
78 -12.892115 13.518692
79 -0.000000 0.000000
80 -0.933375 1.040304
81 -1.380084 2.394704
82 -1.823003 1.286778
83 0.577256 2.292927
84 -138.842910 492.592620
85 1.164049 3.387637
86 3.614223 15.699899
87 -22.302120 20.797123
88 -0.000000 0.000000
89 -1.079910 1.615461
90 -1.500762 6.164416
91 -1.609114 2.231819
92 0.532248 2.328271
93 -114.841110 53.830097
94 1.537850 3.627867
95 5.656884 12.668446
96 -25.324192 17.220710
97 -0.000000 0.000000
98 -1.279007 1.446340
99 -1.717769 3.601281
100 -2.371980 1.512295
101 0.557922 2.447343
102 -39.361225 239.321140
103 1.214038 3.464359
104 4.193583 12.751568
105 -24.965403 26.618390
106 -0.000000 0.000000
107 -1.238063 1.915408
108 -1.502312 5.088695
109 -0.456840 0.349195
110 0.074982 0.959957
111 -4.886150 15.292458
112 0.172051 1.378743
113 0.679966 4.615743
114 -0.624896 3.037434
115 -0.000000 0.000000
116 -1.507302 1.650406
117 -1.706860 4.003691
118 -0.273525 0.185760
119 0.051081 0.356218
120 -31.164368 83.740970
121 0.108672 0.840374
122 0.430578 3.680918
123 -0.253094 0.711531
124 -0.000000 0.000000
125 -1.139951 2.951202
126 -1.475836 12.743500
127 -0.138829 0.301089
128 0.095610 0.493055
129 -12.467799 13.480746
130 0.181565 1.301772
131 0.658349 6.978434
132 -0.095660 4.530104
133 -0.000000 0.000000
134 -0.923917 2.875998
135 -1.604556 12.182919
136 -0.251040 0.209604
137 0.083501 0.545593
138 -15.346878 131.512100
139 0.221018 1.182135
140 0.800963 6.073027
141 -0.966800 2.911475
142 -0.000000 0.000000
143 -1.540827 1.712775
144 -1.602013 6.904587
145 -0.208178 0.335079
146 0.163928 0.657204
147 -17.142520 6.483323
148 0.274961 1.534244
149 1.092222 8.165467
150 -10.219533 3.553573
151 -0.000000 0.000000
152 -2.885999 2.855230
153 -1.597271 12.564803
154 -0.135031 0.155226
155 0.156318 0.639628
156 -171.291810 24.336384
157 0.350752 1.611812
158 1.332391 8.697080
159 -2.388901 4.111206
160 -0.000000 0.000000
161 -1.825978 1.997879
162 -1.351242 8.409616
163 -0.320070 0.291709
164 0.171893 0.981251
165 -62.216248 47.960230
166 0.328843 1.828348
167 1.079291 8.774738
168 -2.632052 4.372893
169 -0.000000 0.000000
170 -1.060001 2.198111
171 -1.619698 8.388444
172 -0.247097 0.255274
173 0.156949 0.775077
174 -150.714580 4.529713
175 0.363665 1.684019
176 1.259765 8.374752
177 -4.622012 5.201179
178 -0.000000 0.000000
179 -1.802852 1.133627
180 -1.498304 7.215006
181 -0.272148 0.262774
182 0.173164 0.724673
183 -76.413770 33.738255
184 0.308253 2.047829
185 1.108217 10.362138
186 -23.495394 3.559599
187 -0.000000 0.000000
188 -2.658826 1.191167
189 -1.642384 11.185271
190 -0.325041 0.334285
191 0.102551 0.908746
192 -73.133650 67.280014
193 0.353570 2.174237
194 1.586093 10.016418
195 -23.381508 3.399321
196 -0.000000 0.000000
197 -2.210753 1.552427
198 -1.568479 8.407757
199 -0.176155 0.245444
200 0.158631 0.986264
201 -98.477844 13.131955
202 0.408465 1.338220
203 1.804442 4.932389
204 -0.654647 2.831125
205 -0.000000 0.000000
206 -0.991010 1.809686
207 -1.508683 5.166591
208 -0.259477 0.271975
209 0.163508 0.929345
210 -127.956240 91.750040
211 0.381347 1.843207
212 1.396016 10.355457
213 -0.979021 8.718125
214 -0.000000 0.000000
215 -0.982792 1.706984
216 -1.345398 7.708704
217 -0.157891 0.279740
218 0.048393 0.424847
219 -3.281141 4.022173
220 0.119826 1.183878
221 0.443840 6.132151
222 -0.307374 4.100470
223 -0.000000 0.000000
224 -2.845963 2.401602
225 -1.521822 11.897828
226 -0.144623 0.215088
227 0.047541 0.260681
228 -11.694038 10.827518
229 0.081153 0.901338
230 0.278902 4.443811
231 -0.780450 2.260342
232 -0.000000 0.000000
233 -2.704974 2.999844
234 -1.412584 12.890887
235 -0.412257 0.058718
236 0.055232 0.362154
237 -1.870444 10.916673
238 0.137667 1.730662
239 0.459296 7.966863
240 -15.617206 0.049692
241 -0.000000 0.000000
242 -2.927888 1.244722
243 -1.453062 12.027232
244 -0.370920 0.282612
245 0.062488 0.382276
246 -9.190724 152.173740
247 0.169819 1.525465
248 0.697130 6.849170
249 -10.249679 4.884623
250 -0.000000 0.000000
251 -2.806025 2.976972
252 -1.295211 12.548385
253 -0.297938 0.536605
254 0.107453 0.426368
255 -15.946382 13.806398
256 0.215728 1.996799
257 0.741616 10.594619
258 -16.923645 24.708597
259 -0.000000 0.000000
260 -2.324483 3.016014
261 -1.397429 12.471408
262 -0.476929 0.460256
263 0.093636 0.501128
264 -82.561455 39.020980
265 0.248523 2.177851
266 0.816890 10.702004
267 -12.339046 30.117022
268 -0.000000 0.000000
269 -2.947248 2.833449
270 -1.534420 12.095641
271 -0.199541 0.495150
272 0.138063 0.609167
273 -17.150790 8.842653
274 0.235331 2.293691
275 0.806289 11.977144
276 -0.525100 28.025381
277 -0.000000 0.000000
278 -1.158043 2.647253
279 -1.353558 10.002078
280 -0.250973 0.465890
281 0.124275 0.601885
282 -35.683113 26.101704
283 0.237827 2.159999
284 0.852099 10.157436
285 -5.450487 27.357940
286 -0.000000 0.000000
287 -2.054139 2.882810
288 -1.604548 11.654225
289 -0.455603 0.712051
290 0.116678 0.626780
291 -56.476950 16.276388
292 0.203385 2.580899
293 0.681453 11.225761
294 -13.210661 51.151737
295 -0.000000 0.000000
296 -2.410105 2.891583
297 -1.577530 11.278869
298 -0.315610 0.641156
299 0.120898 0.686324
300 -24.729101 74.681480
301 0.289027 2.528972
302 1.170406 11.138790
303 -1.435162 39.561360
304 -0.000000 0.000000
305 -1.528972 2.376989
306 -1.507465 8.354009
307 -0.216057 0.201934
308 0.113533 0.706259
309 -25.206463 64.027460
310 0.325903 1.157287
311 1.260596 5.858017
312 -0.469434 3.114215
313 -0.000000 0.000000
314 -1.013020 2.072912
315 -1.786800 7.637838
316 -0.643792 0.233286
317 0.123590 0.596948
318 -8.231538 11.188400
319 0.302023 2.501937
320 1.223090 11.931262
321 -50.325860 7.458685
322 -0.000000 0.000000
323 -3.122844 1.613575
324 -1.570029 13.469093
325 31.407620 32.584660
326 31.376442 32.584576
327 31.343918 32.584490
328 0.069604 1.788994
329 0.248352 5.935912
330 -11.027253 0.001693
331 -0.000000 0.000000
332 -2.605444 0.722765
333 -2.030009 10.208720
334 -0.105394 0.318254
335 0.021490 0.312670
336 -3.762274 287.173000
337 0.050989 1.089657
338 0.177171 4.972899
339 -0.671019 0.510230
340 -0.000000 0.000000
341 -2.481726 3.122782
342 -1.428487 13.762538
343 -0.091145 0.041559
344 0.013051 0.178674
345 -1.758659 1.457991
346 0.037295 0.845324
347 0.131327 3.535451
348 -0.043757 0.896263
349 -0.000000 0.000000
350 -2.701578 1.641428
351 -1.314810 10.065732
