x
-1.000000 1.000000
1 108.091880 111.512000
2 108.088510 111.472790
3 108.085150 111.433360
4 0.690582 3.160308
5 2.829425 11.872191
6 -8.757180 23.003223
7 -0.000000 0.000000
8 -1.190126 2.686100
9 -1.713472 9.462597
10 -7.589851 -5.929530
11 5.568857 7.563946
12 -7.538103 -5.112074
13 0.627634 1.827736
14 2.634768 8.359210
15 -0.347640 6.585642
16 -0.000000 0.000000
17 -1.259390 1.803427
18 -1.103089 4.660393
19 -1.461258 -0.153750
20 0.424840 1.062530
21 -38.977066 7.374467
22 0.765792 1.509278
23 2.947383 6.092103
24 -2.386401 1.169608
25 -0.000000 0.000000
26 -0.990283 0.839812
27 -0.993228 1.815038
28 -2.101371 -0.879382
29 0.711973 1.832280
30 -10.630850 7.706283
31 1.071913 1.741984
32 4.183629 7.961890
33 -2.457221 2.391216
34 -0.000000 0.000000
35 -0.653789 0.805260
36 -1.030146 1.424815
37 -1.117241 0.178406
38 0.546267 1.381579
39 -20.622313 38.236515
40 1.247220 2.015874
41 5.041860 9.726583
42 -5.740450 4.381649
43 -0.000000 0.000000
44 -1.010670 0.918506
45 -0.833741 2.053503
46 -1.706800 -0.143697
47 0.715893 1.550864
48 -19.817915 202.060460
49 1.326507 2.224875
50 4.935877 10.799690
51 -13.154893 4.997480
52 -0.000000 0.000000
53 -1.229446 0.848515
54 -1.033583 1.282235
55 -0.921626 0.773023
56 0.579344 1.385928
57 -19.094532 51.181840
58 1.440258 2.351899
59 6.309521 12.812610
60 -5.891055 12.259060
61 -0.000000 0.000000
62 -1.017470 1.322094
63 -0.799990 2.635847
64 -1.338591 0.690129
65 0.621617 1.635228
66 -278.805150 811.280150
67 1.391921 2.657391
68 6.589938 12.611451
69 -9.351422 12.356150
70 -0.000000 0.000000
71 -0.826093 0.804778
72 -1.291474 2.303101
73 -1.200699 0.608244
74 0.793764 1.582040
75 -29.504637 11.862816
76 1.711383 2.738989
77 6.462452 11.652583
78 -4.486770 6.571049
79 -0.000000 0.000000
80 -0.448007 0.654744
81 -0.804535 0.986972
82 -1.351768 0.439385
83 0.711781 1.677504
84 -6.905695 36.252403
85 1.647213 2.952144
86 6.542360 15.399046
87 -13.000043 6.877271
88 -0.000000 0.000000
89 -0.893192 0.616150
90 -0.949621 1.973471
91 -0.924995 0.763897
92 0.741530 1.769105
93 -38.548847 56.419956
94 1.600084 2.692171
95 6.488488 12.393942
96 -12.919478 12.019295
97 -0.000000 0.000000
98 -0.716442 0.623118
99 -0.953074 1.360867
100 -1.193435 0.469933
101 0.852103 1.793658
102 -149.021180 151.010700
103 1.712368 2.806322
104 7.150664 12.508118
105 -13.243359 16.762100
106 -0.000000 0.000000
107 -0.826259 1.071854
108 -1.032022 2.186807
109 -0.142006 0.222135
110 0.113735 0.641661
111 -5.402571 1.287523
112 0.250521 1.095195
113 0.970256 5.345539
114 -0.479273 2.546126
115 -0.000000 0.000000
116 -1.913931 2.294340
117 -0.803263 6.800380
118 -0.106594 0.069314
119 0.053607 0.456684
120 -5.681639 6.509533
121 0.162892 0.784452
122 0.773558 3.326351
123 -0.196124 0.125811
124 -0.000000 0.000000
125 -1.084012 0.790324
126 -1.248231 5.895295
127 -0.045549 0.114668
128 0.102480 0.354345
129 -50.560340 2.782164
130 0.228247 0.840230
131 1.116951 5.311388
132 -0.146213 2.113939
133 -0.000000 0.000000
134 -0.555082 3.518845
135 -1.255798 18.656944
136 -0.072742 0.096941
137 0.166824 0.471913
138 -9.221338 8.922856
139 0.365370 0.807536
140 1.716803 5.827389
141 -0.128531 0.724834
142 -0.000000 0.000000
143 -0.704141 1.433888
144 -0.977436 9.924136
145 -0.095666 0.095549
146 0.178246 0.431415
147 -1.432522 4.444241
148 0.376653 0.726116
149 1.638846 4.682105
150 -0.763086 0.179338
151 -0.000000 0.000000
152 -2.125952 0.845048
153 -1.138088 10.453259
154 -0.109706 0.081636
155 0.226854 0.496395
156 -3.836896 6.745481
157 0.471982 0.945983
158 1.921911 6.898224
159 -0.792954 1.185389
160 -0.000000 0.000000
161 -1.516708 1.382651
162 -1.142210 9.256186
163 -0.117848 0.113007
164 0.254320 0.543924
165 -9.901213 8.972205
166 0.496909 1.241795
167 1.989608 8.509208
168 -2.671982 0.389241
169 -0.000000 0.000000
170 -1.377800 0.878481
171 -1.030913 6.864337
172 -0.132127 0.155991
173 0.220869 0.602826
174 -1.876924 10.840467
175 0.499500 1.107626
176 2.306686 8.210232
177 -2.202803 0.782692
178 -0.000000 0.000000
179 -1.600658 1.412317
180 -1.023084 10.557027
181 -0.105285 0.110248
182 0.232722 0.622885
183 -117.970200 11.222383
184 0.541998 1.127928
185 2.153645 7.502823
186 -3.612577 0.641894
187 -0.000000 0.000000
188 -2.485853 1.321722
189 -1.245962 12.658259
190 -0.155506 0.129067
191 0.245012 0.645710
192 -29.803682 3.607287
193 0.511967 1.567201
194 2.006257 10.329953
195 -10.745364 3.892124
196 -0.000000 0.000000
197 -2.756445 2.941670
198 -1.324887 15.052702
199 -0.076851 0.086186
200 0.262266 0.716631
201 -8.803571 40.728863
202 0.470791 1.043589
203 1.963039 5.044073
204 -0.267787 0.385257
205 -0.000000 0.000000
206 -0.524058 0.925340
207 -0.977818 1.384546
208 -0.098243 0.160371
209 0.195006 0.655382
210 -23.261156 10.930988
211 0.482930 1.221944
212 1.922064 8.838153
213 -0.500081 1.947629
214 -0.000000 0.000000
215 -1.069941 1.724663
216 -0.961935 7.525054
217 -0.048031 0.082630
218 0.070611 0.349177
219 -3.145521 2.342859
220 0.154025 0.837922
221 0.698905 5.870068
222 -0.213689 1.407733
223 -0.000000 0.000000
224 -1.815207 2.362717
225 -0.863775 12.786166
226 -0.026429 0.028855
227 0.054109 0.298209
228 -2.802177 19.742520
229 0.130184 0.522161
230 0.619090 2.325636
231 -0.072345 0.046460
232 -0.000000 0.000000
233 -1.344545 1.799595
234 -1.190955 8.076867
235 -0.158134 0.023383
236 0.090811 0.245363
237 -10.953515 2.663324
238 0.151487 0.799013
239 0.599272 5.255383
240 -1.951124 0.012482
241 -0.000000 0.000000
242 -3.962747 0.534418
243 -1.098511 22.046194
244 -0.170656 0.049996
245 0.133097 0.327696
246 -7.922104 6.165235
247 0.260937 1.008111
248 1.045180 6.744548
249 -4.556078 0.165238
250 -0.000000 0.000000
251 -4.391051 1.318726
252 -1.195917 25.210093
253 -0.042068 0.090190
254 0.116045 0.316565
255 -17.789646 4.041668
256 0.268362 0.724433
257 1.074796 5.152248
258 -0.253289 0.996129
259 -0.000000 0.000000
260 -0.790779 3.353407
261 -1.066030 18.650558
262 -0.192858 0.136672
263 0.165720 0.339758
264 -3.138965 2.211670
265 0.315213 1.195364
266 1.379764 7.971084
267 -7.563861 2.332043
268 -0.000000 0.000000
269 -4.372653 3.266783
270 -1.025685 25.158218
271 -0.160658 0.235786
272 0.159155 0.466836
273 -150.943120 3.652069
274 0.334716 1.519572
275 1.512587 10.190532
276 -11.757343 14.290331
277 -0.000000 0.000000
278 -3.834180 4.021434
279 -1.071809 22.102222
280 -0.144203 0.208550
281 0.183129 0.448831
282 -43.418470 56.194706
283 0.330816 1.401075
284 1.451010 9.163116
285 -3.854427 13.000661
286 -0.000000 0.000000
287 -3.182162 4.667496
288 -1.107983 27.267370
289 -0.127838 0.037796
290 0.166360 0.421982
291 -4.273895 4.389985
292 0.390200 1.188248
293 1.609134 9.138613
294 -4.240837 0.163715
295 -0.000000 0.000000
296 -2.495933 0.645812
297 -1.059352 15.751072
298 -0.185491 0.344367
299 0.192959 0.548458
300 -26.803951 12.850345
301 0.384901 1.858478
302 1.422400 11.859351
303 -2.273050 25.531260
304 -0.000000 0.000000
305 -3.295218 3.927377
306 -1.136638 22.403023
307 -0.089683 0.122264
308 0.174898 0.486555
309 -6.001153 2.851396
310 0.313433 0.822173
311 1.287696 4.292132
312 -0.083420 0.773107
313 -0.000000 0.000000
314 -0.292184 1.875169
315 -1.070814 6.542213
316 -0.209705 0.094280
317 0.134261 0.519819
318 -90.941940 17.293234
319 0.317044 1.531501
320 1.377889 10.250278
321 -15.942700 2.273643
322 -0.000000 0.000000
323 -4.382402 1.875943
324 -1.116990 25.592802
325 31.961042 32.836990
326 31.951567 32.836952
327 31.942062 32.836910
328 0.051134 1.249162
329 0.194897 5.630569
330 -6.407206 -0.000002
331 -0.000000 0.000000
332 -3.747432 -0.012233
333 -1.795086 15.372855
334 -0.082789 0.140420
335 0.019023 0.142947
336 -0.741355 28.409195
337 0.037096 0.698932
338 0.157444 4.943188
339 -0.218967 0.464646
340 -0.000000 0.000000
341 -4.779019 4.387304
342 -0.400814 29.006855
343 -0.054335 0.031046
344 0.014431 0.125708
345 -14.624987 0.102715
346 0.031707 0.538919
347 0.122415 3.330671
348 -0.041059 0.313836
349 -0.000000 0.000000
350 -4.089863 2.742620
351 -0.705819 22.557196
