x
-1.000000 1.000000
1 107.992200 111.783870
2 107.953600 111.761890
3 107.914536 111.739780
4 0.690582 4.287283
5 2.829425 13.148748
6 -28.618029 23.003223
7 -0.000000 0.000000
8 -1.190126 2.906638
9 -1.713472 12.545222
10 -7.665755 -5.323279
11 4.713178 7.617476
12 -7.568933 -3.988792
13 0.593515 2.354842
14 2.207274 8.359210
15 -0.496202 12.003284
16 -0.000000 0.000000
17 -1.259390 1.897625
18 -1.239514 4.660393
19 -1.461258 -0.153750
20 0.397611 1.113425
21 -880.333600 18.398580
22 0.765792 1.534563
23 2.947383 7.521079
24 -2.455400 2.030100
25 -0.000000 0.000000
26 -1.128346 0.856363
27 -1.040029 2.774004
28 -2.101371 0.014150
29 0.711973 1.832280
30 -10.630850 38.336895
31 1.071913 2.188707
32 4.183629 11.376038
33 -2.457221 9.599481
34 -0.000000 0.000000
35 -0.653789 1.135738
36 -1.030146 3.048176
37 -1.117241 0.502674
38 0.546267 1.381579
39 -36.747604 38.236515
40 1.136343 2.062223
41 4.870343 9.726583
42 -5.740450 4.381649
43 -0.000000 0.000000
44 -1.010670 0.918506
45 -0.912872 2.053503
46 -1.742213 0.026151
47 0.715893 1.550864
48 -70.309540 202.060460
49 1.237424 2.224875
50 4.935877 10.799690
51 -13.154893 5.476147
52 -0.000000 0.000000
53 -1.229446 0.848515
54 -1.033583 2.415858
55 -1.477074 0.773023
56 0.579344 1.610147
57 -196.499440 1025.937400
58 1.392536 2.445123
59 6.105653 12.812610
60 -5.891055 12.259060
61 -0.000000 0.000000
62 -1.017470 1.322094
63 -0.896585 2.635847
64 -1.338591 0.690129
65 0.597214 1.635228
66 -278.805150 811.280150
67 1.250686 2.671250
68 5.165658 13.327526
69 -9.351422 12.356150
70 -0.000000 0.000000
71 -0.826093 1.105961
72 -1.291474 2.851372
73 -1.200699 0.675364
74 0.699779 1.582040
75 -29.504637 32.960457
76 1.527451 2.738989
77 6.462452 12.152390
78 -10.388263 14.938656
79 -0.000000 0.000000
80 -0.940921 0.943447
81 -0.887177 2.621406
82 -1.351768 0.452820
83 0.711781 1.677504
84 -33.295815 232.016500
85 1.598762 3.014809
86 6.023734 15.399046
87 -24.554802 12.456035
88 -0.000000 0.000000
89 -0.893192 0.853108
90 -1.133535 3.070395
91 -1.012261 0.763897
92 0.741530 1.769105
93 -38.548847 98.224810
94 1.600084 2.741880
95 6.488488 13.942562
96 -12.919478 12.019295
97 -0.000000 0.000000
98 -0.894325 0.990480
99 -1.039403 2.061966
100 -1.276544 1.058995
101 0.749883 1.838012
102 -149.021180 486.777130
103 1.462160 2.846562
104 6.068420 12.512671
105 -13.243359 16.762100
106 -0.000000 0.000000
107 -0.826259 1.071854
108 -1.032022 2.186807
109 -0.201364 0.222135
110 0.103482 0.641661
111 -5.402571 6.704000
112 0.205706 1.095195
113 0.953457 5.345539
114 -0.486426 2.546126
115 -0.000000 0.000000
116 -1.913931 2.294340
117 -0.803263 6.800380
118 -0.142149 0.140762
119 0.053607 0.456684
120 -5.681639 17.790071
121 0.162892 0.784452
122 0.652932 3.372414
123 -0.196124 0.125811
124 -0.000000 0.000000
125 -1.715461 0.880179
126 -1.273660 9.478445
127 -0.083980 0.114668
128 0.102480 0.360232
129 -50.560340 24.979921
130 0.228247 0.840230
131 1.008905 5.833014
132 -0.146213 2.113939
133 -0.000000 0.000000
134 -0.674636 3.518845
135 -1.255798 18.656944
136 -0.161397 0.107983
137 0.135678 0.471913
138 -9.221338 14.168553
139 0.365370 0.823842
140 1.360707 5.827389
141 -0.642470 0.724834
142 -0.000000 0.000000
143 -1.602991 2.766975
144 -1.349743 13.435750
145 -0.114879 0.095549
146 0.146731 0.502943
147 -9.203327 4.444241
148 0.376653 0.917138
149 1.513754 6.489520
150 -3.268950 0.727779
151 -0.000000 0.000000
152 -4.184145 1.772569
153 -1.138088 24.789713
154 -0.109706 0.099438
155 0.212830 0.496395
156 -10.188783 6.745481
157 0.431931 0.945983
158 1.734087 6.898224
159 -0.792954 1.185389
160 -0.000000 0.000000
161 -1.516708 1.688903
162 -1.142210 9.256186
163 -0.117848 0.113007
164 0.223935 0.710871
165 -9.901213 10.104890
166 0.412311 1.290802
167 1.518211 8.991900
168 -2.671982 1.974007
169 -0.000000 0.000000
170 -1.377800 2.439203
171 -1.030913 10.742066
172 -0.212554 0.155991
173 0.201140 0.638544
174 -9.324374 51.229180
175 0.377296 1.308363
176 1.646885 9.067461
177 -4.455701 3.945904
178 -0.000000 0.000000
179 -2.932562 2.718126
180 -1.122365 15.351913
181 -0.179732 0.110248
182 0.232722 0.622885
183 -117.970200 11.222383
184 0.496093 1.408896
185 1.910773 10.412568
186 -7.019714 0.641894
187 -0.000000 0.000000
188 -2.635752 1.321722
189 -1.258874 14.401262
190 -0.155506 0.213792
191 0.245012 0.645710
192 -29.803682 6.060926
193 0.511967 1.567201
194 2.006257 10.329953
195 -10.745364 3.892124
196 -0.000000 0.000000
197 -2.756445 2.941670
198 -1.324887 15.052702
199 -0.076851 0.145049
200 0.262266 0.716631
201 -8.803571 40.728863
202 0.470791 1.426843
203 1.963039 11.177444
204 -0.474905 4.111190
205 -0.000000 0.000000
206 -0.603834 2.053827
207 -1.149313 12.325418
208 -0.124735 0.160371
209 0.195006 0.655382
210 -23.261156 10.930988
211 0.454569 1.301917
212 1.846015 8.838153
213 -1.190768 3.544272
214 -0.000000 0.000000
215 -1.196024 1.724663
216 -1.253128 8.386561
217 -0.096382 0.106503
218 0.068865 0.349177
219 -3.149064 3.314128
220 0.151824 0.837922
221 0.634356 5.870068
222 -0.639946 1.407733
223 -0.000000 0.000000
224 -3.918240 2.362717
225 -0.863775 21.659597
226 -0.055844 0.088152
227 0.054109 0.298209
228 -7.587099 19.742520
229 0.127531 0.583223
230 0.468323 4.044331
231 -0.275859 0.878801
232 -0.000000 0.000000
233 -3.523440 4.374094
234 -1.190955 25.553600
235 -0.165210 0.023383
236 0.081977 0.324252
237 -11.711067 3.002203
238 0.151487 1.007908
239 0.599272 6.709540
240 -4.572287 0.029584
241 -0.000000 0.000000
242 -4.409335 0.588877
243 -1.152866 25.436197
244 -0.170656 0.069589
245 0.116424 0.327696
246 -10.026166 6.165235
247 0.258662 1.008111
248 1.045180 6.744548
249 -4.556078 0.165238
250 -0.000000 0.000000
251 -4.391051 2.055226
252 -1.195917 25.210093
253 -0.068615 0.152806
254 0.116045 0.341784
255 -17.789646 16.314630
256 0.268362 1.000133
257 1.048906 8.227531
258 -2.667386 1.887038
259 -0.000000 0.000000
260 -2.632781 3.829517
261 -1.301259 19.923695
262 -0.192858 0.136672
263 0.141500 0.384403
264 -6.022245 8.694500
265 0.284445 1.195364
266 1.169137 7.971084
267 -7.563861 2.854164
268 -0.000000 0.000000
269 -4.438203 3.292069
270 -1.126962 25.877542
271 -0.160658 0.238767
272 0.140572 0.545427
273 -150.943120 7.064361
274 0.287877 1.582662
275 1.294422 11.003358
276 -11.757343 16.342813
277 -0.000000 0.000000
278 -3.834180 4.070662
279 -1.087774 23.590935
280 -0.227672 0.253221
281 0.154401 0.448831
282 -43.418470 56.194706
283 0.297780 1.603494
284 1.285096 11.989348
285 -16.370127 13.000661
286 -0.000000 0.000000
287 -3.920596 4.667496
288 -1.222345 27.267370
289 -0.127838 0.305659
290 0.166360 0.421982
291 -5.044690 17.091694
292 0.352632 1.807775
293 1.350414 11.650660
294 -4.240837 26.402863
295 -0.000000 0.000000
296 -3.194326 4.412859
297 -1.426433 24.972692
298 -0.185491 0.344367
299 0.184167 0.548458
300 -26.803951 16.456970
301 0.384901 1.858478
302 1.422400 11.859351
303 -2.273050 25.531260
304 -0.000000 0.000000
305 -3.295218 3.927377
306 -1.186667 22.403023
307 -0.307563 0.122264
308 0.174898 0.486555
309 -60.126945 55.268635
310 0.313433 1.914602
311 1.287696 12.873854
312 -32.387325 6.123956
313 -0.000000 0.000000
314 -4.556607 4.142058
315 -1.129712 26.560242
316 -0.209705 0.120319
317 0.134261 0.519819
318 -90.941940 86.972810
319 0.317044 1.531501
320 1.377889 10.250278
321 -15.942700 4.230033
322 -0.000000 0.000000
323 -4.382402 1.875943
324 -1.116990 25.592802
325 30.620083 32.836990
326 30.532732 32.836952
327 30.442590 32.836910
328 0.051134 2.272808
329 0.194897 5.763325
330 -8.717697 -0.000002
331 -0.000000 0.000000
332 -3.747432 -0.012233
333 -1.795086 15.372855
334 -0.136318 0.140420
335 0.019023 0.238350
336 -0.741355 28.409195
337 0.037096 0.698932
338 0.157444 4.943188
339 -0.218967 0.469503
340 -0.000000 0.000000
341 -4.779019 4.387304
342 -0.400814 29.006855
343 -0.054335 0.031046
344 0.014431 0.169034
345 -14.624987 3.661236
346 0.031707 0.538919
347 0.122415 3.330671
348 -0.047099 0.313836
349 -0.000000 0.000000
350 -4.089863 2.742620
351 -0.705819 22.557196
