x
-1.000000 1.000000
1 108.091880 111.491330
2 108.088510 111.462040
3 108.085150 111.441270
4 0.782636 3.160308
5 3.595261 11.872191
6 -2.956310 21.791447
7 -0.000000 0.000000
8 -1.190126 2.906638
9 -1.713472 12.545222
10 -7.665755 -6.219643
11 5.986295 7.617476
12 -7.568933 -5.738702
13 0.593515 1.633215
14 2.332462 8.359210
15 -0.496202 6.585642
16 -0.000000 0.000000
17 -0.892428 1.803427
18 -1.103089 4.660393
19 -1.461258 -0.153750
20 0.424840 1.090576
21 -75.072140 6.964844
22 0.765792 1.509278
23 2.947383 6.726371
24 -2.386401 0.957023
25 -0.000000 0.000000
26 -1.128346 0.830665
27 -1.040029 2.056801
28 -2.092566 -0.871412
29 0.711973 1.832280
30 -10.630850 38.336895
31 1.075102 1.762024
32 4.346966 8.723474
33 -2.457221 2.735706
34 -0.000000 0.000000
35 -0.653789 1.135738
36 -0.947389 1.581606
37 -1.117241 0.502674
38 0.604898 1.286726
39 -26.848160 38.236515
40 1.136343 1.988173
41 4.870343 9.726583
42 -4.140288 4.381649
43 -0.000000 0.000000
44 -0.912782 0.918506
45 -0.912872 2.053503
46 -1.249518 -0.143697
47 0.715893 1.515984
48 -70.309540 202.060460
49 1.237424 2.224875
50 4.935877 10.182985
51 -13.154893 5.476147
52 -0.000000 0.000000
53 -1.229446 0.752260
54 -1.033583 2.415858
55 -0.879301 0.773023
56 0.703217 1.610147
57 -196.499440 1025.937400
58 1.440258 2.445123
59 6.329284 12.812610
60 -5.891055 12.259060
61 -0.000000 0.000000
62 -0.768109 1.322094
63 -0.745778 2.393874
64 -1.338591 0.690129
65 0.621617 1.537863
66 -57.751320 811.280150
67 1.250686 2.473487
68 5.165658 13.327526
69 -9.351422 5.247997
70 -0.000000 0.000000
71 -0.787354 0.804778
72 -1.136237 2.303101
73 -0.952984 0.675364
74 0.793764 1.491090
75 -17.499428 11.037951
76 1.711383 2.601865
77 6.837250 11.780231
78 -6.355384 5.219271
79 -0.000000 0.000000
80 -0.508057 0.750304
81 -0.804535 0.934554
82 -1.351768 0.439385
83 0.883507 1.677504
84 -33.295815 232.016500
85 1.598762 2.952144
86 6.023734 15.399046
87 -9.741803 12.456035
88 -0.000000 0.000000
89 -0.632575 0.853108
90 -1.133535 3.070395
91 -0.924995 0.714751
92 0.741530 1.755747
93 -12.901672 12.109231
94 1.841603 2.741880
95 7.212651 13.942562
96 -11.358364 12.019295
97 -0.000000 0.000000
98 -0.894325 0.990480
99 -1.039403 2.061966
100 -1.115232 1.058995
101 0.853193 1.838012
102 -149.021180 151.010700
103 1.566315 2.806322
104 6.068420 12.508118
105 -7.018765 9.601236
106 -0.000000 0.000000
107 -0.716815 0.913314
108 -1.032022 1.925781
109 -0.201364 0.222135
110 0.144339 0.493926
111 -4.030008 4.973286
112 0.253458 1.030959
113 0.970256 5.345539
114 -0.486426 2.546126
115 -0.000000 0.000000
116 -1.354895 2.294340
117 -0.776211 6.800380
118 -0.106594 0.084468
119 0.078982 0.285489
120 -5.681639 6.210017
121 0.200047 0.654814
122 0.838702 3.372414
123 -0.196124 0.088487
124 -0.000000 0.000000
125 -1.257679 0.880179
126 -1.248231 9.478445
127 -0.047706 0.114668
128 0.102480 0.316210
129 -4.402442 2.782164
130 0.228247 0.840230
131 1.008905 5.833014
132 -0.040631 2.113939
133 -0.000000 0.000000
134 -0.674636 3.518845
135 -1.208904 18.656944
136 -0.097605 0.096941
137 0.135678 0.471913
138 -8.469692 2.836216
139 0.365370 0.793247
140 1.360707 5.827389
141 -0.155241 0.724834
142 -0.000000 0.000000
143 -1.439259 1.433888
144 -1.349743 9.924136
145 -0.114879 0.095549
146 0.178246 0.476012
147 -2.367002 2.796128
148 0.377212 0.917138
149 1.554717 6.489520
150 -3.268950 0.727779
151 -0.000000 0.000000
152 -4.184145 1.772569
153 -1.138088 24.789713
154 -0.079061 0.073735
155 0.218432 0.496395
156 -10.188783 6.745481
157 0.436550 0.945983
158 1.768736 6.898224
159 -0.792954 1.185389
160 -0.000000 0.000000
161 -1.516708 1.382651
162 -1.142210 9.256186
163 -0.098540 0.113007
164 0.249112 0.588227
165 -3.443358 8.972205
166 0.496909 1.228763
167 1.989608 8.509208
168 -0.236073 1.974007
169 -0.000000 0.000000
170 -0.714579 2.439203
171 -0.934805 10.742066
172 -0.132127 0.155991
173 0.201140 0.601520
174 -9.324374 10.840467
175 0.377296 1.127526
176 1.646885 8.210232
177 -2.202803 3.945904
178 -0.000000 0.000000
179 -1.600658 2.718126
180 -1.066926 14.007861
181 -0.105285 0.110248
182 0.259112 0.622885
183 -117.970200 11.222383
184 0.533622 1.408896
185 2.029371 10.412568
186 -7.019714 0.632649
187 -0.000000 0.000000
188 -2.485853 1.321722
189 -1.258874 14.401262
190 -0.130828 0.114475
191 0.271340 0.645710
192 -6.497616 6.060926
193 0.511967 1.567201
194 2.227001 10.329953
195 -10.745364 2.717720
196 -0.000000 0.000000
197 -2.756445 2.666049
198 -1.324887 14.333049
199 -0.076851 0.110804
200 0.280043 0.716631
201 -8.803571 40.728863
202 0.540217 1.105103
203 2.118794 5.356735
204 -0.305249 0.858617
205 -0.000000 0.000000
206 -0.524058 1.224111
207 -1.139463 2.988402
208 -0.124735 0.160371
209 0.267588 0.655382
210 -14.965273 5.913326
211 0.454569 1.221944
212 1.846015 8.838153
213 -0.359014 1.947629
214 -0.000000 0.000000
215 -0.952772 1.724663
216 -1.132794 7.525054
217 -0.041421 0.082630
218 0.085680 0.324092
219 -3.145521 1.113178
220 0.154025 0.837922
221 0.698905 5.870068
222 -0.213689 1.407733
223 -0.000000 0.000000
224 -1.815207 2.362717
225 -0.863775 12.786166
226 -0.055844 0.088152
227 0.075599 0.201319
228 -7.587099 19.742520
229 0.130184 0.583223
230 0.597209 4.044331
231 -0.275859 0.878801
232 -0.000000 0.000000
233 -3.523440 4.374094
234 -1.107041 25.553600
235 -0.165210 0.020169
236 0.090811 0.245363
237 -10.953515 2.663324
238 0.151487 1.007908
239 0.599272 6.709540
240 -4.572287 0.016223
241 -0.000000 0.000000
242 -4.409335 0.588877
243 -1.146560 25.436197
244 -0.170656 0.069589
245 0.116424 0.302047
246 -10.026166 1.676328
247 0.258662 1.008111
248 1.045180 6.744548
249 -4.556078 0.165238
250 -0.000000 0.000000
251 -4.391051 2.055226
252 -1.079419 25.210093
253 -0.068615 0.152806
254 0.130275 0.302332
255 -6.645848 16.314630
256 0.268362 1.000133
257 1.074796 8.227531
258 -2.667386 1.887038
259 -0.000000 0.000000
260 -2.632781 3.829517
261 -0.980814 19.923695
262 -0.192858 0.136672
263 0.173765 0.362818
264 -6.022245 7.099881
265 0.301783 1.195364
266 1.169137 7.971084
267 -7.563861 2.332043
268 -0.000000 0.000000
269 -4.438203 3.266783
270 -1.081795 25.877542
271 -0.064523 0.235786
272 0.159155 0.420158
273 -150.943120 3.370663
274 0.353963 1.519572
275 1.512587 9.852795
276 -0.136767 14.290331
277 -0.000000 0.000000
278 -0.842204 4.021434
279 -1.071809 22.066414
280 -0.144203 0.208550
281 0.154401 0.391455
282 -2.581020 13.272343
283 0.297780 1.401075
284 1.285096 9.891165
285 -3.854427 13.000661
286 -0.000000 0.000000
287 -3.182162 4.667496
288 -0.997365 27.267370
289 -0.127838 0.305659
290 0.166360 0.421982
291 -3.556324 17.091694
292 0.385718 1.807775
293 1.609134 11.650660
294 -4.240837 26.402863
295 -0.000000 0.000000
296 -2.495933 4.412859
297 -1.059352 24.972692
298 -0.185491 0.344367
299 0.184167 0.548458
300 -26.803951 8.896535
301 0.388108 1.858478
302 1.561438 11.859351
303 -2.273050 25.531260
304 -0.000000 0.000000
305 -3.295218 3.927377
306 -0.996211 21.053540
307 -0.080330 0.122264
308 0.174898 0.464484
309 -60.126945 29.362188
310 0.336244 1.096328
311 1.333133 6.670328
312 -0.086285 2.708555
313 -0.000000 0.000000
314 -0.503760 2.029635
315 -1.129712 9.006018
316 -0.209705 0.061807
317 0.134261 0.481940
318 -18.248522 86.972810
319 0.317044 1.531501
320 1.377889 10.250278
321 -15.942700 0.151664
322 -0.000000 0.000000
323 -4.382402 0.514830
324 -1.116990 25.592802
325 31.983791 32.836990
326 31.972300 32.836952
327 31.960743 32.836910
328 0.051134 1.249162
329 0.194897 5.630569
330 -6.407206 -0.000002
331 -0.000000 0.000000
332 -3.605805 -0.012233
333 -1.795086 15.372855
334 -0.049571 0.140420
335 0.019023 0.087596
336 -0.425930 28.409195
337 0.037096 0.698932
338 0.157444 4.943188
339 -0.218967 0.464646
340 -0.000000 0.000000
341 -2.392558 2.193886
342 -0.392557 13.005723
343 -0.054335 0.007961
344 0.018388 0.078712
345 -8.344466 3.661236
346 0.031707 0.538919
347 0.122415 3.330671
348 -0.041059 0.313836
349 -0.000000 0.000000
350 -3.151700 2.029787
351 -0.705819 15.569206
