x
-1.000000 1.000000
1 104.427475 107.090900
2 104.425230 107.052840
3 104.422990 107.014950
4 0.684486 3.255985
5 2.948706 12.284189
6 -1.705716 28.597445
7 -0.000000 0.000000
8 -0.164135 2.819189
9 -1.584534 10.545146
10 -7.782657 -6.508354
11 6.135420 7.737590
12 -7.691351 -5.566551
13 0.621936 1.867257
14 2.701364 8.151183
15 -0.612732 5.781271
16 -0.000000 0.000000
17 -1.242831 1.508607
18 -0.749805 3.143428
19 -1.407536 -0.127921
20 0.461812 1.000167
21 -37.229156 17.718641
22 0.873975 1.479007
23 3.448046 6.763069
24 -3.503490 0.802462
25 -0.000000 0.000000
26 -1.142960 0.598074
27 -1.174459 2.240454
28 -2.164752 -0.583719
29 0.870433 1.774149
30 -5.519434 6.698227
31 1.246402 1.876776
32 4.831454 9.536675
33 -1.905197 3.342938
34 -0.000000 0.000000
35 -0.572499 0.686200
36 -1.025770 1.749512
37 -1.042653 0.624766
38 0.619438 1.365717
39 -57.114994 18.094505
40 1.339725 2.129068
41 5.861558 10.644487
42 -2.971427 3.870469
43 -0.000000 0.000000
44 -0.533155 0.853553
45 -0.979514 1.633801
46 -1.337251 -0.138425
47 0.757636 1.468598
48 -19.195053 200.625460
49 1.392215 2.144344
50 6.213501 9.934394
51 -10.374967 4.355931
52 -0.000000 0.000000
53 -1.142049 0.505142
54 -0.996186 1.849522
55 -0.846234 0.782425
56 0.829917 1.642193
57 -11.067657 14.959638
58 1.485453 2.567733
59 6.390286 12.412938
60 -3.782379 12.166740
61 -0.000000 0.000000
62 -0.517468 1.100571
63 -0.766188 1.459385
64 -1.364421 0.651068
65 0.835920 1.501036
66 -6.798053 18.250282
67 1.639121 2.553238
68 6.673077 13.076567
69 -5.645642 5.055895
70 -0.000000 0.000000
71 -0.893813 0.703970
72 -1.116640 1.787452
73 -0.899185 0.720709
74 0.785914 1.726770
75 -6.909060 283.357900
76 1.633119 2.810880
77 6.711926 12.753743
78 -6.929396 9.616259
79 -0.000000 0.000000
80 -0.566911 0.871823
81 -0.900630 1.058467
82 -1.262512 0.312611
83 0.957463 1.783144
84 -25.370300 37.155758
85 1.718657 2.688823
86 7.481764 13.492725
87 -7.404485 10.237798
88 -0.000000 0.000000
89 -0.550020 0.803967
90 -1.120760 1.525144
91 -0.933596 0.630177
92 0.856808 1.772569
93 -17.912113 23.593725
94 1.869117 2.775564
95 8.064767 13.898408
96 -11.413639 8.743518
97 -0.000000 0.000000
98 -0.782235 1.017971
99 -0.948076 2.511301
100 -1.149084 0.885775
101 0.799689 1.947772
102 -97.415180 78.527885
103 1.864176 2.930131
104 7.932676 13.747421
105 -9.730684 11.075813
106 -0.000000 0.000000
107 -0.648718 1.690578
108 -1.068132 4.652899
109 -0.182200 0.158427
110 0.127956 0.491177
111 -7.777381 41.375698
112 0.237841 0.944097
113 1.005962 4.615743
114 -0.399388 1.680004
115 -0.000000 0.000000
116 -1.468072 2.145754
117 -0.652307 5.741787
118 -0.094248 0.080221
119 0.106306 0.265676
120 -10.989486 2.254891
121 0.220945 0.587174
122 0.992210 3.680918
123 -0.197625 0.251201
124 -0.000000 0.000000
125 -0.999578 1.665922
126 -1.047399 10.899127
127 -0.069703 0.146506
128 0.143619 0.323263
129 -16.810476 2.625289
130 0.229408 0.863183
131 0.922063 6.978434
132 -0.048478 2.029285
133 -0.000000 0.000000
134 -0.550458 3.372414
135 -0.884647 18.214275
136 -0.110458 0.079023
137 0.171996 0.404806
138 -25.829239 17.746593
139 0.359077 0.820007
140 1.425405 6.073027
141 -0.443838 1.063152
142 -0.000000 0.000000
143 -1.556344 1.906617
144 -1.046199 11.191482
145 -0.089196 0.081283
146 0.202426 0.425106
147 -8.330116 10.897275
148 0.367190 1.034516
149 1.649964 8.165467
150 -4.387945 1.682007
151 -0.000000 0.000000
152 -4.333595 3.138562
153 -0.990362 27.026863
154 -0.082181 0.077743
155 0.252578 0.564494
156 -134.061510 23.346436
157 0.456010 1.067226
158 2.070254 8.697080
159 -1.013240 1.703875
160 -0.000000 0.000000
161 -1.683975 2.442675
162 -0.962886 13.475908
163 -0.093666 0.143550
164 0.260426 0.588331
165 -4.646266 7.870431
166 0.506977 1.284431
167 1.883625 8.774738
168 -1.185964 1.786543
169 -0.000000 0.000000
170 -0.798405 2.394276
171 -1.014270 11.115613
172 -0.097035 0.120873
173 0.243912 0.606566
174 -49.931385 22.257154
175 0.505685 1.122375
176 2.274570 8.374752
177 -1.874922 2.565900
178 -0.000000 0.000000
179 -1.851569 1.794511
180 -1.201881 10.762854
181 -0.115212 0.104302
182 0.240007 0.643290
183 -28.774010 22.658588
184 0.536258 1.431723
185 2.185378 10.362138
186 -9.878503 1.625423
187 -0.000000 0.000000
188 -3.328390 1.206125
189 -1.179717 19.001442
190 -0.095812 0.117875
191 0.256260 0.667707
192 -8.045881 2.863961
193 0.568109 1.508601
194 2.242025 10.016418
195 -10.257391 1.592579
196 -0.000000 0.000000
197 -2.954160 1.908051
198 -1.127851 15.724171
199 -0.082071 0.120856
200 0.324285 0.743750
201 -569.318540 9.137305
202 0.601899 1.050853
203 2.556889 5.212778
204 -0.316842 1.447369
205 -0.000000 0.000000
206 -0.536279 1.753711
207 -1.075535 5.585951
208 -0.109707 0.195169
209 0.267754 0.703358
210 -7.510506 8.244905
211 0.463956 1.361224
212 2.083824 10.355457
213 -0.366721 3.392698
214 -0.000000 0.000000
215 -0.637006 2.182237
216 -1.037306 10.577191
217 -0.065817 0.119187
218 0.073442 0.356016
219 -1.168181 2.156525
220 0.151579 0.830360
221 0.657491 6.132151
222 -0.192892 1.811293
223 -0.000000 0.000000
224 -1.398630 3.128309
225 -1.062653 18.962517
226 -0.056469 0.085553
227 0.078410 0.175378
228 -2.334518 3.199110
229 0.137922 0.598594
230 0.633307 4.443811
231 -0.352650 1.026678
232 -0.000000 0.000000
233 -3.951281 4.733220
234 -1.002442 29.442980
235 -0.180473 0.021313
236 0.086956 0.280038
237 -6.779954 8.713511
238 0.175581 1.128767
239 0.732324 7.966863
240 -7.064790 0.016315
241 -0.000000 0.000000
242 -4.857434 0.613126
243 -0.870389 29.848412
244 -0.168322 0.107840
245 0.112631 0.282797
246 -221.463210 4.240508
247 0.250375 1.014450
248 1.151437 6.849170
249 -4.641645 2.208557
250 -0.000000 0.000000
251 -4.396432 4.522781
252 -0.954129 27.462404
253 -0.125422 0.199221
254 0.149223 0.324579
255 -6.723917 7.144917
256 0.274765 1.323489
257 1.326539 10.594619
258 -7.514447 11.451348
259 -0.000000 0.000000
260 -3.897235 4.884447
261 -0.977894 29.833940
262 -0.187058 0.180618
263 0.184462 0.343871
264 -35.803734 3.161232
265 0.322253 1.414912
266 1.427114 10.702004
267 -5.781316 13.619865
268 -0.000000 0.000000
269 -4.573871 4.754493
270 -1.216128 29.767752
271 -0.068831 0.199694
272 0.164201 0.398484
273 -9.834994 19.352001
274 0.384048 1.517545
275 1.655255 11.977144
276 -0.159041 12.949187
277 -0.000000 0.000000
278 -0.487789 3.663853
279 -0.872009 22.923018
280 -0.113310 0.188847
281 0.168772 0.421010
282 -3.560404 39.762730
283 0.352653 1.400988
284 1.554194 10.157436
285 -2.433365 12.217766
286 -0.000000 0.000000
287 -2.679658 4.462667
288 -0.891130 26.506582
289 -0.204075 0.289221
290 0.171868 0.443536
291 -16.150019 97.955690
292 0.373160 1.732662
293 1.741976 11.626294
294 -6.128163 23.593527
295 -0.000000 0.000000
296 -3.424576 4.485094
297 -0.841279 25.910892
298 -0.116774 0.279433
299 0.157678 0.516609
300 -2.619789 4.651321
301 0.388885 1.685628
302 1.621616 11.228598
303 -0.768603 18.383348
304 -0.000000 0.000000
305 -2.202030 3.795416
306 -1.023241 20.493450
307 -0.082158 0.084492
308 0.187651 0.479712
309 -45.280212 5.111560
310 0.409692 0.928675
311 1.763098 5.858017
312 -0.284211 1.354575
313 -0.000000 0.000000
314 -0.603355 2.553499
315 -1.225446 13.722611
316 -0.233751 0.078516
317 0.146699 0.448949
318 -54.170020 9.109207
319 0.305725 1.717666
320 1.406706 11.931262
321 -22.980438 3.446166
322 -0.000000 0.000000
323 -4.483964 2.499047
324 -0.818954 27.054228
325 31.811523 32.561970
326 31.782223 32.561764
327 31.750755 32.561560
328 0.095802 1.318477
329 0.442030 5.935912
330 -5.345281 0.000125
331 -0.000000 0.000000
332 -3.410109 0.140607
333 -1.380202 13.601617
334 -0.046172 0.129127
335 0.030655 0.102644
336 -0.983346 2.476643
337 0.074787 0.701294
338 0.337140 4.972899
339 -0.221271 0.362030
340 -0.000000 0.000000
341 -1.734448 2.679727
342 -0.574930 11.339806
343 -0.034863 0.024254
344 0.029169 0.087135
345 -1.768573 0.536302
346 0.060863 0.540020
347 0.300097 3.535451
348 -0.036082 0.361383
349 -0.000000 0.000000
350 -0.887575 2.292636
351 -0.587348 16.495546
