x
-1.000000 1.000000
1 107.957520 111.482970
2 107.881080 111.453540
3 107.804310 111.423780
4 0.813695 4.052819
5 3.992110 12.842715
6 -11.634801 24.317614
7 -0.000000 0.000000
8 -0.695180 2.285927
9 -1.696876 7.059763
10 -7.881318 -5.069433
11 4.347105 7.857114
12 -7.833093 -3.513581
13 0.551504 2.390951
14 2.036846 8.180685
15 -0.409632 7.301911
16 -0.000000 0.000000
17 -0.676687 2.259235
18 -1.189356 8.216609
19 -1.292317 -0.185857
20 0.428742 1.107195
21 -21.083931 23.584616
22 0.809805 1.613899
23 3.156527 8.625467
24 -2.446145 2.980290
25 -0.000000 0.000000
26 -1.342911 0.992072
27 -0.991090 2.605051
28 -2.231565 -0.132399
29 0.810068 1.887678
30 -41.664635 178.705630
31 1.038594 2.236101
32 4.214851 10.920634
33 -2.517067 6.769809
34 -0.000000 0.000000
35 -0.743774 0.917346
36 -1.036511 2.160782
37 -0.886085 0.456122
38 0.601713 1.243876
39 -116.109500 39.670677
40 1.064032 2.041800
41 4.172454 11.289436
42 -4.647554 8.686248
43 -0.000000 0.000000
44 -0.893949 1.287575
45 -1.223326 4.644994
46 -1.687368 -0.020525
47 0.711352 1.952932
48 -26.745056 23.912472
49 1.336275 2.062474
50 5.276936 10.343873
51 -5.483718 4.573183
52 -0.000000 0.000000
53 -0.809172 0.906580
54 -1.211394 2.165427
55 -1.005413 0.721652
56 0.570833 1.595143
57 -60.229590 158.180500
58 1.345605 2.599495
59 5.599144 12.485906
60 -5.819672 10.177080
61 -0.000000 0.000000
62 -0.867653 1.006007
63 -1.077731 2.818427
64 -1.567918 0.445020
65 0.518567 1.887543
66 -53.789770 250.523360
67 1.201580 2.637777
68 5.352141 13.142926
69 -11.599815 7.934831
70 -0.000000 0.000000
71 -0.906645 0.891764
72 -1.164739 2.985227
73 -0.914681 0.743186
74 0.739272 1.703152
75 -17.211145 102.913520
76 1.551502 2.717159
77 5.991037 13.381132
78 -8.825553 15.465073
79 -0.000000 0.000000
80 -1.020017 0.995298
81 -1.057495 2.576924
82 -1.011104 0.531733
83 0.806587 1.720699
84 -229.548230 136.320370
85 1.629194 2.992715
86 5.618249 14.959838
87 -23.428791 12.465357
88 -0.000000 0.000000
89 -0.967747 1.352258
90 -1.283495 3.529684
91 -1.164854 0.777640
92 0.741805 1.746640
93 -36.153190 1359.816700
94 1.548819 2.857318
95 6.819176 13.572654
96 -8.841296 9.790512
97 -0.000000 0.000000
98 -0.835187 0.860437
99 -0.994075 1.861067
100 -1.211967 0.868559
101 0.799999 1.837412
102 -738.307700 27.427782
103 1.706529 2.758517
104 6.836934 13.274183
105 -17.303102 24.154291
106 -0.000000 0.000000
107 -0.837900 1.674140
108 -0.989267 5.786888
109 -0.185324 0.220668
110 0.108707 0.599782
111 -34.782043 11.779192
112 0.285307 1.315822
113 1.168867 8.770607
114 -2.675762 8.531714
115 -0.000000 0.000000
116 -2.446106 3.697836
117 -0.931984 19.792930
118 -0.097554 0.092899
119 0.075820 0.374060
120 -96.610790 378.460200
121 0.168003 0.669436
122 0.779358 4.538917
123 -0.295540 0.145288
124 -0.000000 0.000000
125 -3.463315 1.003999
126 -1.032501 18.344880
127 -0.084213 0.104108
128 0.090247 0.316161
129 -153.280900 110.233215
130 0.184274 0.995673
131 0.827447 8.076252
132 -0.906504 2.913637
133 -0.000000 0.000000
134 -4.006539 4.147318
135 -1.272188 24.064648
136 -0.161034 0.108683
137 0.143006 0.408996
138 -16.562353 10.033669
139 0.313722 1.160036
140 1.099230 9.136912
141 -3.841083 2.798408
142 -0.000000 0.000000
143 -3.556522 2.023892
144 -1.194033 21.834429
145 -0.126519 0.174183
146 0.153457 0.464785
147 -33.621777 121.660460
148 0.351451 1.263897
149 1.452409 10.179644
150 -1.564785 5.938793
151 -0.000000 0.000000
152 -2.691023 3.281152
153 -1.002734 19.569100
154 -0.140776 0.147953
155 0.208551 0.558473
156 -5.484070 9.622203
157 0.413657 1.088863
158 1.783340 8.574505
159 -4.683090 1.181141
160 -0.000000 0.000000
161 -3.581914 2.319897
162 -1.116860 21.023610
163 -0.181862 0.112308
164 0.202023 0.631777
165 -39.038530 23.066206
166 0.450727 1.790111
167 1.766203 11.889201
168 -24.630991 12.793134
169 -0.000000 0.000000
170 -4.239787 3.154183
171 -1.087728 24.738174
172 -0.207063 0.126969
173 0.207424 0.596977
174 -63.797440 8.010299
175 0.361675 1.389590
176 1.615504 10.575938
177 -6.624046 3.225428
178 -0.000000 0.000000
179 -2.977299 2.433537
180 -1.230649 15.828728
181 -0.153215 0.192821
182 0.220951 0.588896
183 -13.591001 6.142457
184 0.408009 1.655078
185 1.766526 13.209376
186 -4.591881 8.995603
187 -0.000000 0.000000
188 -3.154578 3.547034
189 -1.024344 18.804878
190 -0.170413 0.235373
191 0.238680 0.659027
192 -13.114853 209.698550
193 0.412756 1.447419
194 1.477975 11.061241
195 -9.468411 3.409495
196 -0.000000 0.000000
197 -3.897695 2.167817
198 -1.230376 21.693855
199 -0.180106 0.187854
200 0.233771 0.638911
201 -16.982431 81.474790
202 0.463884 1.282439
203 1.777987 9.789226
204 -2.794045 7.219250
205 -0.000000 0.000000
206 -2.926971 3.379750
207 -1.126023 17.981834
208 -0.211949 0.218417
209 0.234886 0.679754
210 -100.843796 63.616108
211 0.523124 1.640204
212 1.950180 10.250776
213 -11.188619 6.705464
214 -0.000000 0.000000
215 -2.503719 2.989317
216 -1.165097 16.493744
217 -0.070535 0.172743
218 0.076719 0.378970
219 -70.375084 4.144828
220 0.198291 1.155682
221 0.817889 9.042043
222 -1.635344 5.763959
223 -0.000000 0.000000
224 -3.172838 3.687295
225 -1.136648 20.743988
226 -0.115136 0.083313
227 0.047154 0.250512
228 -2.512707 47.556744
229 0.122450 0.785711
230 0.516517 5.579346
231 -2.151717 0.490205
232 -0.000000 0.000000
233 -4.380244 3.760000
234 -1.404261 25.624380
235 -0.200927 0.201151
236 0.077661 0.242852
237 -4.139613 4.471376
238 0.134171 1.364583
239 0.503692 10.194556
240 -5.178854 11.931591
241 -0.000000 0.000000
242 -4.640457 4.636617
243 -1.066507 28.588350
244 -0.248268 0.113131
245 0.087196 0.359018
246 -84.019450 57.610620
247 0.213504 1.553208
248 0.936001 10.373848
249 -17.810354 2.623150
250 -0.000000 0.000000
251 -4.693383 3.864663
252 -1.272270 28.716341
253 -0.197735 0.209968
254 0.124947 0.354237
255 -2.458791 19.346575
256 0.233440 1.714119
257 1.086873 13.202859
258 -4.927936 23.973993
259 -0.000000 0.000000
260 -4.316822 4.700239
261 -1.100228 29.678911
262 -0.159341 0.191640
263 0.152713 0.367624
264 -39.614037 26.788567
265 0.298150 1.453871
266 1.122289 11.248552
267 -11.138348 14.624681
268 -0.000000 0.000000
269 -4.088789 4.699061
270 -1.168264 28.393578
271 -0.256384 0.231486
272 0.111620 0.422676
273 -148.922900 426.799400
274 0.294114 2.070514
275 1.160121 16.497831
276 -34.056934 37.915540
277 -0.000000 0.000000
278 -3.788550 4.257834
279 -1.225345 26.178650
280 -0.225616 0.300532
281 0.127608 0.446574
282 -87.647896 227.958920
283 0.241578 1.803248
284 1.036324 13.249742
285 -6.995745 27.069477
286 -0.000000 0.000000
287 -3.873650 4.653733
288 -1.156719 28.408100
289 -0.281243 0.301046
290 0.137503 0.458700
291 -338.060420 7.180668
292 0.308946 2.269232
293 1.367406 16.005470
294 -11.098181 53.737380
295 -0.000000 0.000000
296 -3.903976 4.629632
297 -1.468110 27.792894
298 -0.260656 0.307540
299 0.165581 0.458817
300 -8.370850 48.086716
301 0.300827 1.905525
302 1.217907 12.655104
303 -15.345078 31.819561
304 -0.000000 0.000000
305 -4.660498 4.541014
306 -1.086108 27.494883
307 -0.173396 0.255214
308 0.131238 0.550567
309 -29.059061 151.651840
310 0.301210 1.689850
311 1.361162 11.237684
312 -7.006470 22.077604
313 -0.000000 0.000000
314 -3.679629 4.517623
315 -1.039330 26.302689
316 -0.240375 0.169211
317 0.135737 0.520327
318 -11.903046 155.422760
319 0.334461 1.653516
320 1.532899 12.534868
321 -11.674654 18.751463
322 -0.000000 0.000000
323 -4.441343 4.095552
324 -1.290891 25.809140
325 30.237951 32.815810
326 30.154310 32.815742
327 30.069347 32.815674
328 0.067370 2.227807
329 0.298894 5.714878
330 -3.732362 0.000032
331 -0.000000 0.000000
332 -5.194922 0.103615
333 -1.631253 31.638138
334 -0.078027 0.167305
335 0.023254 0.258646
336 -5.474186 0.925501
337 0.047011 0.870314
338 0.247750 5.141193
339 -0.089018 1.278970
340 -0.000000 0.000000
341 -4.677147 3.289986
342 -0.522264 26.903336
343 -0.114394 0.049243
344 0.013190 0.216240
345 -5.544564 5.918649
346 0.038863 0.654815
347 0.189945 3.847624
348 -0.254912 0.348110
349 -0.000000 0.000000
350 -2.662753 2.815305
351 -1.047132 21.355968
