x
-1.000000 1.000000
1 104.693910 106.383670
2 104.684135 106.348495
3 104.674480 106.313850
4 1.151212 2.755963
5 3.973278 12.178594
6 0.436303 25.829857
7 -0.000000 0.000000
8 0.186626 2.311098
9 -0.786013 8.970775
10 -7.610454 -6.711170
11 6.517663 7.574362
12 -7.538302 -6.262592
13 0.585854 1.574123
14 2.229201 5.639354
15 -0.261552 5.686506
16 -0.000000 0.000000
17 -0.405402 1.416831
18 -1.271262 1.680492
19 -1.196920 -0.321327
20 0.361534 1.083513
21 -5.552684 2.920062
22 0.767189 1.459167
23 2.955751 6.986990
24 -2.939899 3.028648
25 -0.000000 0.000000
26 -1.246199 1.308203
27 -1.163688 3.261391
28 -2.266151 -0.976589
29 0.862760 2.023378
30 -21.736378 7.803885
31 1.071498 1.611518
32 3.631968 6.679926
33 -2.888306 3.018446
34 -0.000000 0.000000
35 -0.929472 1.495982
36 -1.515607 3.296538
37 -1.071582 -0.046714
38 0.631281 1.372730
39 -48.996555 4.946254
40 1.084716 2.119309
41 3.264803 7.473867
42 -4.325416 4.271358
43 -0.000000 0.000000
44 -1.088786 0.832918
45 -1.194731 3.675251
46 -1.565429 0.269623
47 0.841565 1.480411
48 -18.823840 12.403424
49 1.340390 2.791192
50 4.719166 10.553711
51 -21.704317 10.064225
52 -0.000000 0.000000
53 -1.738495 0.882936
54 -1.313730 6.097048
55 -1.243687 0.523552
56 0.580701 1.567177
57 -9.650020 6.340974
58 1.409241 2.940190
59 5.078638 13.679721
60 -11.675450 8.700871
61 -0.000000 0.000000
62 -1.121615 0.654804
63 -1.338223 1.942795
64 -1.281136 0.763541
65 0.491677 1.790400
66 -3.133696 25.003841
67 1.235034 2.730763
68 5.461555 11.476123
69 -9.966892 10.449695
70 -0.000000 0.000000
71 -0.815460 0.852687
72 -0.641721 2.176257
73 -1.283047 0.513543
74 0.902464 2.059653
75 -49.244873 49.583380
76 1.711828 2.892152
77 6.483785 11.702126
78 -15.203414 14.521866
79 -0.000000 0.000000
80 -0.656194 0.833803
81 -1.152137 2.535374
82 -1.230626 0.381167
83 0.834764 2.124422
84 -16.212353 67.203460
85 1.669654 3.206333
86 5.923554 11.760857
87 -18.321018 11.241593
88 -0.000000 0.000000
89 -1.066122 1.163740
90 -1.168356 1.833004
91 -1.205937 0.733812
92 0.584965 1.829904
93 -6.381835 20.345135
94 1.734871 3.064455
95 6.057856 13.168180
96 -12.326777 8.310364
97 -0.000000 0.000000
98 -0.606310 0.484097
99 -1.526224 1.890749
100 -1.335665 1.445213
101 0.534977 1.866454
102 -75.803210 3.701208
103 1.518982 2.989667
104 5.890960 11.088646
105 -11.314127 9.441024
106 -0.000000 0.000000
107 -0.545524 1.191183
108 -1.468250 2.586513
109 -0.545025 0.741933
110 0.176478 0.547384
111 -0.363322 4014.421100
112 0.399950 2.077373
113 1.486578 8.712159
114 -7.071660 20.068556
115 -0.000000 0.000000
116 -2.179064 2.175509
117 -0.601861 8.134048
118 -0.142498 0.035098
119 0.071667 0.319930
120 -2.039157 0.750741
121 0.156402 1.141163
122 0.576832 6.402706
123 -0.328851 1.162798
124 -0.000000 0.000000
125 -2.382599 0.760413
126 -1.284227 9.027572
127 -0.065661 0.283779
128 0.122773 0.282720
129 -0.343051 1.259792
130 0.205262 1.207020
131 0.646123 5.647285
132 -0.051370 6.159280
133 -0.000000 0.000000
134 -1.017078 3.403887
135 -1.312612 15.563062
136 -0.192524 0.154399
137 0.128018 0.394878
138 -25.551481 15.577430
139 0.324621 0.572691
140 1.321698 2.470838
141 -0.063235 0.169004
142 -0.000000 0.000000
143 -0.682028 0.928918
144 -1.391803 1.803690
145 -0.095619 0.090428
146 0.116463 0.536876
147 -11.439750 26.561577
148 0.312108 2.035377
149 1.233162 11.970418
150 -0.148086 4.631416
151 -0.000000 0.000000
152 -0.598533 0.819033
153 -1.234198 7.854907
154 -0.156198 0.138920
155 0.168617 0.540291
156 -2.778685 4.196554
157 0.411101 0.812633
158 1.573958 3.219026
159 -0.478286 0.496533
160 -0.000000 0.000000
161 -1.243891 1.580032
162 -1.228113 4.938642
163 -0.327139 0.248670
164 0.184187 1.010157
165 -6.705778 2.938303
166 0.361088 1.986885
167 1.436335 10.263251
168 -1.376418 12.155355
169 -0.000000 0.000000
170 -1.762405 2.883546
171 -0.813657 12.735581
172 -0.165512 0.323450
173 0.187122 0.654232
174 -3.057334 24.767982
175 0.336766 1.201522
176 1.465446 4.611204
177 -0.240988 3.244128
178 -0.000000 0.000000
179 -1.498162 1.817569
180 -1.319865 5.478856
181 -0.185808 0.326157
182 0.208338 0.724278
183 -10.145335 15.499801
184 0.410815 1.454400
185 1.652037 5.968968
186 -1.986257 4.758880
187 -0.000000 0.000000
188 -1.250392 1.503284
189 -1.367775 3.337509
190 -0.182520 0.187632
191 0.200071 0.573540
192 -3.967629 18.022669
193 0.390323 1.761432
194 1.331168 9.738967
195 -7.936313 0.971557
196 -0.000000 0.000000
197 -2.262068 1.094296
198 -1.203825 8.722560
199 -0.149418 0.169218
200 0.250156 0.878273
201 -2.212431 51.205803
202 0.512546 1.811998
203 1.657966 9.366554
204 -9.080106 1.264497
205 -0.000000 0.000000
206 -1.483222 0.600592
207 -1.335758 5.996758
208 -0.282336 0.444453
209 0.224304 0.722974
210 -3.119592 2.177632
211 0.430776 1.547729
212 1.351204 7.171816
213 -0.376102 11.245188
214 -0.000000 0.000000
215 -0.364111 2.947609
216 -1.424522 12.191848
217 -0.166732 0.247321
218 0.101061 0.603941
219 -1.122466 5.489232
220 0.226037 1.246076
221 0.815134 6.673368
222 -2.697529 2.226380
223 -0.000000 0.000000
224 -1.354941 2.329643
225 -0.789894 9.668690
226 -0.270979 0.350845
227 0.045744 0.270999
228 -9.215390 2.177367
229 0.110372 1.590136
230 0.456038 8.301834
231 -6.443180 11.656938
232 -0.000000 0.000000
233 -2.850820 2.817537
234 -1.101385 12.403399
235 -0.426829 0.036980
236 0.090259 0.243792
237 -4.010227 3.954236
238 0.144878 1.233633
239 0.562713 5.274141
240 -5.425707 0.019309
241 -0.000000 0.000000
242 -2.808578 0.795111
243 -1.406111 10.442376
244 -0.112404 0.053270
245 0.106966 0.320546
246 -8.851087 21.568209
247 0.233408 0.518549
248 0.758540 2.461237
249 -0.041865 0.025635
250 -0.000000 0.000000
251 -1.095848 0.506221
252 -1.550102 2.959331
253 -0.598802 0.640790
254 0.140182 0.417404
255 -4.503189 17.561302
256 0.218709 2.934243
257 0.721580 14.849865
258 -46.956078 78.604640
259 -0.000000 0.000000
260 -3.053427 3.023765
261 -1.301960 13.364261
262 -0.202819 0.166862
263 0.114933 0.450419
264 -1.769947 22.850740
265 0.315904 0.905737
266 1.133876 3.772527
267 -1.319928 0.323964
268 -0.000000 0.000000
269 -1.726365 1.167376
270 -1.371147 4.626350
271 -0.585073 0.046134
272 0.122876 0.715491
273 -2.173011 8.178092
274 0.231437 2.648409
275 0.754434 11.593110
276 -50.637493 0.086848
277 -0.000000 0.000000
278 -3.037749 0.745006
279 -1.350237 12.257904
280 -0.222792 0.103747
281 0.134631 0.479100
282 -8.203957 5.049396
283 0.216780 0.701606
284 0.827195 2.563221
285 -0.415113 0.119382
286 -0.000000 0.000000
287 -1.168084 1.213128
288 -1.549010 2.361278
289 -0.128179 0.303436
290 0.136667 0.651387
291 -5.152229 2.162513
292 0.295728 1.671863
293 1.242777 8.551824
294 -0.225502 8.624949
295 -0.000000 0.000000
296 -1.034982 2.331729
297 -1.654229 8.067961
298 -0.199147 0.614917
299 0.137559 0.553427
300 -1.877729 4.160143
301 0.276814 2.358776
302 1.108754 11.101321
303 -4.758935 41.751300
304 -0.000000 0.000000
305 -2.225333 3.091704
306 -1.121359 13.234504
307 -0.480311 0.167084
308 0.160219 0.713398
309 -6.650983 8.922346
310 0.394911 2.395968
311 1.431532 12.482780
312 -35.797012 1.272667
313 -0.000000 0.000000
314 -2.529252 1.974138
315 -1.187940 10.953146
316 -0.505769 0.080755
317 0.171034 0.724386
318 -6.773009 14.735080
319 0.336447 1.568632
320 1.199787 7.312524
321 -10.124829 0.110222
322 -0.000000 0.000000
323 -2.549253 0.809014
324 -1.508677 9.304927
325 31.879719 32.470090
326 31.861626 32.468346
327 31.830359 32.466564
328 0.131036 1.375490
329 0.529011 5.032763
330 -6.038073 -0.002469
331 -0.000000 0.000000
332 -3.159509 -0.413291
333 -0.549623 13.600180
334 -0.054950 0.391687
335 0.038518 0.210641
336 -1.636931 1.000706
337 0.084592 1.281578
338 0.347317 6.584569
339 -0.173058 4.157278
340 -0.000000 0.000000
341 -0.822281 1.919385
342 -0.543209 7.843211
343 -0.348624 0.030982
344 0.038071 0.230867
345 -0.439988 0.471643
346 0.074830 1.099039
347 0.299096 5.083645
348 -1.834039 0.294782
349 -0.000000 0.000000
350 -1.342634 1.731188
351 -0.434695 7.334990
