x
-1.000000 1.000000
1 108.091880 111.491330
2 108.088510 111.446580
3 108.085150 111.401886
4 0.782636 3.160308
5 3.595261 11.872191
6 -2.956310 17.439594
7 -0.000000 0.000000
8 -1.190126 2.686100
9 -1.713472 9.462597
10 -7.589851 -6.219643
11 5.986295 7.563946
12 -7.538103 -5.738702
13 0.628598 1.633215
14 2.977484 8.359210
15 -0.347640 6.585642
16 -0.000000 0.000000
17 -0.605726 1.803427
18 -1.103089 4.660393
19 -1.461258 -0.153750
20 0.424840 1.000314
21 -6.017311 6.605679
22 0.765792 1.509278
23 2.947383 5.927250
24 -2.386401 0.957023
25 -0.000000 0.000000
26 -0.990283 0.696231
27 -0.771466 1.736736
28 -2.092566 -0.879382
29 0.711973 1.832280
30 -10.630850 7.578569
31 1.125670 1.741984
32 4.935957 7.961890
33 -2.457221 2.391026
34 -0.000000 0.000000
35 -0.653789 0.494653
36 -0.947389 1.424815
37 -1.117241 0.111622
38 0.604898 1.286726
39 -20.622313 38.236515
40 1.265100 1.988173
41 5.255684 9.726583
42 -4.140288 4.381649
43 -0.000000 0.000000
44 -0.912782 0.918506
45 -0.819712 2.053503
46 -1.249518 -0.143697
47 0.715893 1.395388
48 -19.458876 202.060460
49 1.401884 2.224875
50 4.935877 9.553367
51 -13.154893 1.211093
52 -0.000000 0.000000
53 -1.229446 0.300682
54 -1.033583 1.282235
55 -0.795837 0.773023
56 0.806058 1.309250
57 -19.094532 51.181840
58 1.440258 2.351899
59 6.593327 12.812610
60 -5.891055 12.259060
61 -0.000000 0.000000
62 -0.768109 1.322094
63 -0.548236 2.393874
64 -1.338591 0.690129
65 0.621617 1.537863
66 -57.751320 811.280150
67 1.697625 2.322738
68 7.082427 11.352539
69 -9.351422 5.247997
70 -0.000000 0.000000
71 -0.787354 0.804778
72 -0.849134 2.303101
73 -0.952984 0.608244
74 0.793764 1.452617
75 -17.499428 9.671849
76 1.711383 2.512995
77 6.837250 11.652583
78 -3.800230 5.219271
79 -0.000000 0.000000
80 -0.352502 0.617458
81 -0.804535 0.830244
82 -1.351768 0.439385
83 0.904223 1.677504
84 -6.905695 36.252403
85 1.665097 2.952144
86 6.786394 15.399046
87 -9.741803 6.877271
88 -0.000000 0.000000
89 -0.632575 0.616150
90 -0.895223 1.505703
91 -0.924995 0.714751
92 0.741530 1.755747
93 -12.901672 12.109231
94 1.841603 2.670568
95 7.432019 12.393942
96 -6.884822 12.019295
97 -0.000000 0.000000
98 -0.708814 0.623118
99 -0.953074 1.360867
100 -1.115232 0.469933
101 0.881034 1.793658
102 -149.021180 151.010700
103 1.712368 2.806322
104 7.150664 12.508118
105 -6.383982 7.676738
106 -0.000000 0.000000
107 -0.716815 0.539523
108 -1.032022 1.016746
109 -0.130473 0.222135
110 0.144339 0.428541
111 -1.306796 1.287523
112 0.253458 1.030959
113 0.970256 5.345539
114 -0.264847 2.546126
115 -0.000000 0.000000
116 -1.281078 2.294340
117 -0.713657 6.800380
118 -0.106594 0.043902
119 0.078982 0.285489
120 -5.681639 1.041938
121 0.215490 0.654814
122 0.887677 3.326351
123 -0.196124 0.088487
124 -0.000000 0.000000
125 -1.084012 0.790324
126 -1.248231 5.895295
127 -0.045549 0.114668
128 0.102480 0.316210
129 -4.402442 2.782164
130 0.228247 0.840230
131 1.116951 5.311388
132 -0.030596 2.113939
133 -0.000000 0.000000
134 -0.555082 3.518845
135 -0.861338 18.656944
136 -0.053141 0.096941
137 0.166824 0.471913
138 -8.469692 2.836216
139 0.365370 0.793247
140 1.738251 5.827389
141 -0.128531 0.724834
142 -0.000000 0.000000
143 -0.704141 1.433888
144 -0.977436 9.924136
145 -0.033506 0.095549
146 0.178246 0.416313
147 -1.432522 2.796128
148 0.377212 0.722190
149 1.638846 3.580917
150 -0.114655 0.129896
151 -0.000000 0.000000
152 -0.585542 0.633236
153 -1.138088 2.556752
154 -0.079061 0.057772
155 0.243323 0.496395
156 -3.836896 6.745481
157 0.471982 0.945983
158 1.921911 6.898224
159 -0.792954 1.185389
160 -0.000000 0.000000
161 -1.516708 1.382651
162 -1.142210 9.256186
163 -0.072821 0.113007
164 0.254320 0.543924
165 -2.580855 8.972205
166 0.496909 1.228763
167 1.989608 8.509208
168 -0.183441 0.237892
169 -0.000000 0.000000
170 -0.482618 0.837961
171 -0.934805 5.417316
172 -0.132127 0.155991
173 0.283408 0.513095
174 -1.709059 10.840467
175 0.506957 1.107626
176 2.368584 8.210232
177 -2.202803 0.374796
178 -0.000000 0.000000
179 -1.600658 0.834916
180 -0.813980 10.557027
181 -0.105285 0.110248
182 0.259112 0.622885
183 -117.970200 11.222383
184 0.566670 1.127928
185 2.448483 7.502823
186 -3.612577 0.371757
187 -0.000000 0.000000
188 -2.485853 1.321722
189 -1.245962 12.658259
190 -0.111406 0.076590
191 0.271340 0.645710
192 -6.497616 3.607287
193 0.511967 1.567201
194 2.227001 10.329953
195 -10.745364 2.717720
196 -0.000000 0.000000
197 -2.756445 2.666049
198 -1.324887 14.333049
199 -0.076851 0.067050
200 0.280043 0.716631
201 -8.803571 40.728863
202 0.540217 1.043589
203 2.317674 4.731398
204 -0.267787 0.385257
205 -0.000000 0.000000
206 -0.524058 0.684072
207 -0.840884 0.973565
208 -0.098243 0.160371
209 0.277645 0.655382
210 -14.965273 5.913326
211 0.482930 1.221944
212 1.922064 8.838153
213 -0.359014 1.947629
214 -0.000000 0.000000
215 -0.952772 1.724663
216 -0.934548 7.525054
217 -0.041421 0.082630
218 0.098396 0.324092
219 -3.145521 1.113178
220 0.154025 0.837922
221 0.698905 5.870068
222 -0.213689 1.407733
223 -0.000000 0.000000
224 -1.815207 2.362717
225 -0.863775 12.786166
226 -0.016370 0.012322
227 0.075599 0.201319
228 -2.802177 19.742520
229 0.130184 0.452103
230 0.619090 2.325636
231 -0.044971 0.019708
232 -0.000000 0.000000
233 -1.344545 0.296385
234 -1.107041 8.076867
235 -0.158134 0.020169
236 0.090811 0.245363
237 -10.953515 2.663324
238 0.151487 0.799013
239 0.599272 4.940616
240 -1.843137 0.012482
241 -0.000000 0.000000
242 -3.567785 0.372202
243 -1.098511 17.909754
244 -0.170656 0.049996
245 0.133097 0.302047
246 -7.922104 1.243256
247 0.260937 1.008111
248 1.045180 6.744548
249 -4.556078 0.165238
250 -0.000000 0.000000
251 -4.391051 1.318726
252 -1.062313 25.210093
253 -0.025729 0.090190
254 0.130275 0.280537
255 -6.645848 4.041668
256 0.268362 0.724433
257 1.074796 4.709495
258 -0.058557 0.996129
259 -0.000000 0.000000
260 -0.509192 3.353407
261 -0.927290 18.650558
262 -0.192858 0.136672
263 0.174786 0.327726
264 -3.138965 0.881122
265 0.315213 1.195364
266 1.379764 7.971084
267 -7.563861 2.332043
268 -0.000000 0.000000
269 -4.372653 3.266783
270 -0.960268 25.158218
271 -0.057645 0.235786
272 0.159155 0.420158
273 -150.943120 2.265920
274 0.353963 1.519572
275 1.512587 9.852795
276 -0.050686 14.290331
277 -0.000000 0.000000
278 -0.523238 4.021434
279 -1.071809 22.066414
280 -0.144203 0.208550
281 0.183129 0.391455
282 -1.963730 13.272343
283 0.330816 1.401075
284 1.498853 9.163116
285 -3.854427 13.000661
286 -0.000000 0.000000
287 -3.182162 4.667496
288 -0.997365 27.267370
289 -0.127838 0.037796
290 0.166360 0.421982
291 -3.556324 2.985031
292 0.390200 1.188248
293 1.609134 9.138613
294 -4.240837 0.086344
295 -0.000000 0.000000
296 -2.495933 0.437308
297 -1.059352 15.751072
298 -0.185491 0.344367
299 0.192959 0.548458
300 -26.803951 2.219633
301 0.388108 1.858478
302 1.561438 11.859351
303 -2.273050 25.531260
304 -0.000000 0.000000
305 -3.295218 3.927377
306 -0.996211 21.053540
307 -0.075514 0.122264
308 0.174898 0.448458
309 -1.936844 2.851396
310 0.336244 0.765898
311 1.333133 4.292132
312 -0.083420 0.773107
313 -0.000000 0.000000
314 -0.292184 1.875169
315 -1.048493 6.542213
316 -0.209705 0.061807
317 0.134261 0.481940
318 -7.412206 17.293234
319 0.317044 1.531501
320 1.377889 10.250278
321 -15.942700 0.082382
322 -0.000000 0.000000
323 -4.382402 0.252106
324 -1.116990 25.592802
325 31.983791 32.836990
326 31.972300 32.836952
327 31.960743 32.836910
328 0.051134 1.249162
329 0.194897 5.630569
330 -6.407206 -0.000002
331 -0.000000 0.000000
332 -3.605805 -0.012233
333 -1.795086 15.372855
334 -0.035734 0.140420
335 0.019023 0.087596
336 -0.425930 28.409195
337 0.037096 0.698932
338 0.157444 4.943188
339 -0.218967 0.464646
340 -0.000000 0.000000
341 -2.392558 2.193886
342 -0.392557 10.102252
343 -0.054335 0.007363
344 0.018388 0.068307
345 -8.344466 0.102715
346 0.031707 0.538919
347 0.122415 3.330671
348 -0.041059 0.313836
349 -0.000000 0.000000
350 -3.151700 2.029787
351 -0.705819 15.569206
