x
-1.000000 1.000000
1 104.356285 107.343735
2 104.351750 107.309050
3 104.347230 107.274055
4 0.684486 3.255985
5 2.948706 12.284189
6 -10.364912 28.597445
7 -0.000000 0.000000
8 -0.511642 2.819189
9 -1.584534 10.545146
10 -7.782657 -5.930448
11 5.430507 7.737590
12 -7.691351 -4.685972
13 0.621936 2.026437
14 2.701364 8.172228
15 -0.687927 7.004056
16 -0.000000 0.000000
17 -1.242831 2.041521
18 -0.846752 4.782411
19 -1.407536 -0.127921
20 0.461812 1.041372
21 -37.229156 61.642845
22 0.873975 1.501659
23 3.448046 7.230315
24 -3.503490 1.713351
25 -0.000000 0.000000
26 -1.142960 0.708249
27 -1.385699 2.350712
28 -2.252568 -0.476267
29 0.870433 1.788680
30 -10.350208 81.755900
31 1.189616 2.207582
32 4.831454 9.839457
33 -1.905197 10.773209
34 -0.000000 0.000000
35 -0.572499 0.990182
36 -1.156607 1.749512
37 -1.042653 0.624766
38 0.619438 1.365717
39 -193.923970 20.839792
40 1.339725 2.188027
41 5.223230 10.644487
42 -2.971427 3.870469
43 -0.000000 0.000000
44 -0.563319 0.853553
45 -1.282994 1.691676
46 -1.486158 -0.138425
47 0.757636 1.468598
48 -22.267418 200.625460
49 1.237849 2.233866
50 4.612917 10.866165
51 -10.374967 4.355931
52 -0.000000 0.000000
53 -1.142049 0.548203
54 -0.996186 2.186188
55 -1.342228 0.782425
56 0.817088 1.642193
57 -11.067657 14.959638
58 1.485453 2.567733
59 6.243866 12.412938
60 -4.681960 12.166740
61 -0.000000 0.000000
62 -0.517468 1.152012
63 -0.958874 2.317548
64 -1.364421 0.651068
65 0.755619 1.694914
66 -12.815278 32.642490
67 1.639121 2.704650
68 6.673077 13.076567
69 -13.878418 6.314179
70 -0.000000 0.000000
71 -0.893813 0.703970
72 -1.116640 2.086932
73 -0.899185 0.720709
74 0.765172 1.787667
75 -22.261969 283.357900
76 1.633119 2.988226
77 6.650135 13.268207
78 -6.929396 9.616259
79 -0.000000 0.000000
80 -0.619445 0.871823
81 -1.221380 1.065485
82 -1.580227 0.342955
83 0.837721 1.850704
84 -25.370300 37.155758
85 1.718657 3.359244
86 6.863491 15.077655
87 -20.290525 10.237798
88 -0.000000 0.000000
89 -0.674566 0.803967
90 -1.120760 1.986119
91 -1.107338 0.630177
92 0.856808 1.772569
93 -17.912113 23.593725
94 1.820508 2.775564
95 7.734966 13.898408
96 -11.413639 8.743518
97 -0.000000 0.000000
98 -0.782235 1.017971
99 -1.066119 2.511301
100 -1.149084 0.885775
101 0.675281 1.947772
102 -104.077960 78.527885
103 1.570367 2.930131
104 7.112926 15.078189
105 -9.730684 18.822496
106 -0.000000 0.000000
107 -0.837279 1.690578
108 -1.068132 4.652899
109 -0.182200 0.158427
110 0.108135 0.509588
111 -7.777381 41.375698
112 0.237841 1.013495
113 1.005962 4.680079
114 -0.642843 1.680004
115 -0.000000 0.000000
116 -1.468072 2.145754
117 -0.652307 5.741787
118 -0.094248 0.080221
119 0.097923 0.326608
120 -24.392378 7.584604
121 0.186014 0.688526
122 0.820971 3.680918
123 -0.197625 0.251201
124 -0.000000 0.000000
125 -1.118557 1.665922
126 -1.047399 10.899127
127 -0.069703 0.146506
128 0.143619 0.326972
129 -16.810476 4.962083
130 0.229408 0.863183
131 0.922063 6.978434
132 -0.279617 2.029285
133 -0.000000 0.000000
134 -1.047338 3.372414
135 -1.100441 18.214275
136 -0.111523 0.079023
137 0.171996 0.404806
138 -25.829239 35.580135
139 0.358594 0.831628
140 1.363975 6.073027
141 -0.488975 1.063152
142 -0.000000 0.000000
143 -1.556344 1.906617
144 -1.046199 11.191482
145 -0.089196 0.081283
146 0.202426 0.513231
147 -15.574184 10.897275
148 0.367190 1.034516
149 1.649964 8.165467
150 -4.387945 1.682007
151 -0.000000 0.000000
152 -4.333595 3.138562
153 -0.990362 27.026863
154 -0.082181 0.084044
155 0.252578 0.564494
156 -134.061510 23.346436
157 0.418426 1.067226
158 1.722440 8.697080
159 -1.013240 1.703875
160 -0.000000 0.000000
161 -1.683975 2.442675
162 -0.962886 13.475908
163 -0.095817 0.143550
164 0.229918 0.588331
165 -11.158073 10.562801
166 0.440807 1.439385
167 1.776436 11.125813
168 -3.541547 1.786543
169 -0.000000 0.000000
170 -1.468637 2.394276
171 -1.108663 11.115613
172 -0.097035 0.120873
173 0.235322 0.662631
174 -49.931385 22.257154
175 0.505685 1.248298
176 2.240599 8.374752
177 -1.874922 2.565900
178 -0.000000 0.000000
179 -1.851569 1.794511
180 -1.201881 10.762854
181 -0.133336 0.104302
182 0.240007 0.643290
183 -28.774010 22.658588
184 0.495719 1.431723
185 1.967130 10.362138
186 -9.878503 1.625423
187 -0.000000 0.000000
188 -3.409772 1.206125
189 -1.179717 19.001442
190 -0.127124 0.188139
191 0.190914 0.667707
192 -8.045881 12.633902
193 0.552231 1.508601
194 2.242025 10.016418
195 -10.257391 1.592579
196 -0.000000 0.000000
197 -2.954160 1.908051
198 -1.127851 15.724171
199 -0.087924 0.120856
200 0.277796 0.743750
201 -569.318540 9.137305
202 0.590688 1.561834
203 2.385305 13.069259
204 -1.023017 8.008682
205 -0.000000 0.000000
206 -1.024128 2.078629
207 -1.075535 16.472237
208 -0.109707 0.195169
209 0.240943 0.703358
210 -9.895836 8.244905
211 0.463956 1.361224
212 2.083824 10.355457
213 -0.592113 3.392698
214 -0.000000 0.000000
215 -0.896981 2.182237
216 -1.037499 10.577191
217 -0.065817 0.119187
218 0.073442 0.356016
219 -9.887071 2.156525
220 0.151579 0.830360
221 0.657491 6.132151
222 -0.192892 1.811293
223 -0.000000 0.000000
224 -1.398630 3.848052
225 -1.062653 22.474678
226 -0.056469 0.085553
227 0.068344 0.201256
228 -2.334518 3.199110
229 0.135999 0.598594
230 0.580506 4.443811
231 -0.352650 1.026678
232 -0.000000 0.000000
233 -3.951281 4.733220
234 -1.034801 29.442980
235 -0.180473 0.021313
236 0.086956 0.280038
237 -29.072504 8.713511
238 0.175581 1.128767
239 0.732324 7.966863
240 -7.064790 0.023305
241 -0.000000 0.000000
242 -4.857434 0.613126
243 -0.870389 29.848412
244 -0.168322 0.107840
245 0.112631 0.291336
246 -221.463210 4.240508
247 0.250375 1.014450
248 1.151437 6.849170
249 -4.641645 2.208557
250 -0.000000 0.000000
251 -4.396432 4.522781
252 -0.954129 27.462404
253 -0.125422 0.199221
254 0.149223 0.366121
255 -6.723917 7.144917
256 0.274765 1.323489
257 1.259782 10.594619
258 -7.514447 11.451348
259 -0.000000 0.000000
260 -3.897235 4.884447
261 -0.977894 29.833940
262 -0.187058 0.180618
263 0.167311 0.397488
264 -35.803734 10.923490
265 0.294115 1.414912
266 1.226490 10.702004
267 -5.781316 13.619865
268 -0.000000 0.000000
269 -4.573871 4.754493
270 -1.216128 29.767752
271 -0.189346 0.269130
272 0.161310 0.398484
273 -9.834994 19.352001
274 0.276557 1.817343
275 1.155253 13.579986
276 -17.562752 27.960604
277 -0.000000 0.000000
278 -4.424186 4.606342
279 -0.872009 28.738100
280 -0.178380 0.188847
281 0.168772 0.421010
282 -4.477305 39.762730
283 0.352653 1.433729
284 1.554194 10.737643
285 -10.750623 12.217766
286 -0.000000 0.000000
287 -3.925236 4.462667
288 -1.347231 26.506582
289 -0.204075 0.289221
290 0.171868 0.443536
291 -16.150019 97.955690
292 0.355199 1.732662
293 1.387533 11.626294
294 -6.128163 23.593527
295 -0.000000 0.000000
296 -3.578593 4.485094
297 -1.286924 25.910892
298 -0.116774 0.279433
299 0.157678 0.516609
300 -103.532730 40.370544
301 0.386689 1.685628
302 1.621616 11.228598
303 -1.027977 18.383348
304 -0.000000 0.000000
305 -2.202030 3.795416
306 -1.023241 22.144207
307 -0.319503 0.084492
308 0.187651 0.484827
309 -45.280212 5.111560
310 0.409692 2.106775
311 1.628305 14.826319
312 -46.802730 1.354575
313 -0.000000 0.000000
314 -4.949223 2.553499
315 -1.225446 30.521437
316 -0.233751 0.102516
317 0.146699 0.456040
318 -54.170020 193.380050
319 0.305725 1.717666
320 1.406706 11.931262
321 -22.980438 3.520661
322 -0.000000 0.000000
323 -4.483964 2.499047
324 -0.964808 27.054228
325 31.055010 32.572170
326 31.016611 32.572014
327 30.976532 32.571854
328 0.095802 1.511429
329 0.430796 5.935912
330 -5.345281 0.000125
331 -0.000000 0.000000
332 -3.414388 0.140607
333 -1.380202 14.104093
334 -0.046172 0.129127
335 0.030655 0.164988
336 -0.983346 6.916778
337 0.064930 0.738044
338 0.320298 4.972899
339 -0.221271 0.503740
340 -0.000000 0.000000
341 -1.734448 2.679727
342 -0.574930 11.339806
343 -0.034863 0.028652
344 0.025002 0.131931
345 -1.768573 3.058549
346 0.055692 0.540020
347 0.246775 3.535451
348 -0.036082 0.361383
349 -0.000000 0.000000
350 -4.373382 2.292636
351 -0.679191 27.957891
