x
-1.000000 1.000000
1 107.992200 111.783870
2 107.953600 111.761890
3 107.914536 111.739780
4 0.590067 4.287283
5 2.256693 13.148748
6 -28.618029 23.003223
7 -0.000000 0.000000
8 -1.190126 2.906638
9 -1.713472 12.545222
10 -8.034586 -5.323279
11 4.713178 8.003093
12 -7.971744 -3.988792
13 0.584588 2.354842
14 2.207274 8.359210
15 -0.496202 12.003284
16 -0.000000 0.000000
17 -1.259390 1.897625
18 -1.239514 5.100778
19 -1.461258 -0.153750
20 0.397611 1.113425
21 -880.333600 18.398580
22 0.765792 1.632633
23 2.947383 8.564430
24 -2.455400 3.815776
25 -0.000000 0.000000
26 -1.128346 0.865804
27 -1.179315 2.804837
28 -2.246153 0.014150
29 0.711973 1.907654
30 -41.971954 38.336895
31 1.054682 2.188707
32 4.183629 11.376038
33 -2.457221 9.599481
34 -0.000000 0.000000
35 -0.923347 1.135738
36 -1.030146 3.048176
37 -1.139732 0.502674
38 0.505549 1.432599
39 -36.747604 38.236515
40 1.136343 2.134534
41 4.870343 10.909203
42 -5.740450 4.381649
43 -0.000000 0.000000
44 -1.010670 0.918506
45 -1.107662 2.053503
46 -1.742213 0.026151
47 0.715893 1.550864
48 -70.309540 202.060460
49 1.237424 2.224875
50 4.935877 10.799690
51 -13.154893 5.476147
52 -0.000000 0.000000
53 -1.229446 0.848515
54 -1.052446 2.415858
55 -1.477074 0.773023
56 0.579344 1.610147
57 -196.499440 1025.937400
58 1.284114 2.583445
59 5.974029 12.812610
60 -5.891055 12.259060
61 -0.000000 0.000000
62 -1.017470 1.322094
63 -0.896585 2.635847
64 -1.586755 0.690129
65 0.597214 1.752907
66 -306.280030 811.280150
67 1.250686 2.671250
68 5.165658 13.327526
69 -9.351422 12.356150
70 -0.000000 0.000000
71 -0.826093 1.105961
72 -1.291474 2.851372
73 -1.200699 0.675364
74 0.699779 1.620174
75 -37.302840 976.518070
76 1.504328 2.738989
77 6.462452 12.981267
78 -10.388263 15.000735
79 -0.000000 0.000000
80 -0.940921 0.943447
81 -1.025965 2.621406
82 -1.351768 0.452820
83 0.711781 1.729034
84 -51.592167 232.016500
85 1.598762 3.014809
86 6.023734 15.399046
87 -24.554802 12.456035
88 -0.000000 0.000000
89 -0.893192 0.853108
90 -1.133535 3.070395
91 -1.012261 1.144794
92 0.741530 1.769105
93 -38.548847 98.224810
94 1.600084 2.797608
95 6.329629 14.313568
96 -12.919478 12.019295
97 -0.000000 0.000000
98 -0.894325 0.990480
99 -1.137319 2.061966
100 -1.276544 1.058995
101 0.749883 1.934123
102 -149.021180 486.777130
103 1.462160 3.110026
104 6.068420 14.797967
105 -13.312951 16.762100
106 -0.000000 0.000000
107 -0.826259 1.071854
108 -1.032022 2.310635
109 -0.201364 0.222135
110 0.096267 0.641661
111 -5.402571 6.704000
112 0.205706 1.095195
113 0.953457 5.345539
114 -0.494700 2.546126
115 -0.000000 0.000000
116 -2.526441 2.370577
117 -0.803263 7.519761
118 -0.142149 0.140762
119 0.053607 0.456684
120 -7.487108 17.790071
121 0.162892 0.784452
122 0.608675 3.372414
123 -0.196124 0.125811
124 -0.000000 0.000000
125 -1.715461 0.885423
126 -1.273660 9.478445
127 -0.083980 0.114668
128 0.102480 0.360232
129 -50.560340 24.979921
130 0.228247 0.840230
131 0.889698 5.833014
132 -0.146213 2.113939
133 -0.000000 0.000000
134 -1.001205 3.518845
135 -1.255798 18.656944
136 -0.161397 0.107983
137 0.133860 0.471913
138 -14.005981 19.400675
139 0.298348 0.838499
140 1.360707 5.827389
141 -0.642470 2.133728
142 -0.000000 0.000000
143 -1.602991 3.573824
144 -1.349743 19.408606
145 -0.114879 0.095549
146 0.146731 0.553577
147 -32.809290 14.172928
148 0.347429 0.917138
149 1.513754 6.701638
150 -3.268950 0.727779
151 -0.000000 0.000000
152 -4.184145 1.772569
153 -1.151497 24.789713
154 -0.109706 0.099438
155 0.195621 0.503763
156 -10.188783 6.745481
157 0.431931 1.055013
158 1.734087 7.795282
159 -1.211440 1.185389
160 -0.000000 0.000000
161 -1.516708 1.816257
162 -1.142210 9.256186
163 -0.123552 0.113007
164 0.223935 0.710871
165 -12.059876 13.561026
166 0.412311 1.290802
167 1.518211 8.991900
168 -2.671982 1.974007
169 -0.000000 0.000000
170 -2.049784 2.439203
171 -1.318295 10.742066
172 -0.212554 0.155991
173 0.201140 0.638544
174 -9.639016 51.229180
175 0.377296 1.308363
176 1.646885 9.067461
177 -4.731136 3.945904
178 -0.000000 0.000000
179 -3.058967 2.718126
180 -1.122365 15.351913
181 -0.179732 0.121892
182 0.230687 0.622885
183 -117.970200 53.414580
184 0.400536 1.448443
185 1.548072 10.412568
186 -7.019714 10.248198
187 -0.000000 0.000000
188 -2.635752 3.330014
189 -1.258874 18.542734
190 -0.155506 0.213792
191 0.245012 0.645710
192 -29.803682 30.686852
193 0.489976 1.567201
194 1.988466 10.329953
195 -10.745364 3.892124
196 -0.000000 0.000000
197 -2.813839 2.941670
198 -1.324887 15.052702
199 -0.175819 0.145049
200 0.262266 0.716631
201 -8.803571 40.728863
202 0.470791 1.426843
203 1.963039 11.177444
204 -4.734677 6.000885
205 -0.000000 0.000000
206 -2.459100 3.376261
207 -1.149313 19.107200
208 -0.129749 0.165124
209 0.195006 0.655382
210 -36.533264 10.930988
211 0.454569 1.392273
212 1.846015 9.888624
213 -1.190768 5.398964
214 -0.000000 0.000000
215 -1.196024 1.975331
216 -1.253128 10.978616
217 -0.096382 0.106503
218 0.068865 0.349177
219 -11.593729 18.657848
220 0.151824 0.837922
221 0.634356 5.870068
222 -0.639946 1.407733
223 -0.000000 0.000000
224 -3.918240 2.362717
225 -0.967657 21.659597
226 -0.055844 0.088152
227 0.054109 0.298209
228 -14.610478 19.742520
229 0.111295 0.583223
230 0.421036 4.044331
231 -0.275859 0.878801
232 -0.000000 0.000000
233 -3.523440 4.374094
234 -1.190955 25.553600
235 -0.165210 0.084645
236 0.081977 0.324252
237 -11.711067 3.993693
238 0.151487 1.007908
239 0.599272 6.709540
240 -4.572287 0.619180
241 -0.000000 0.000000
242 -4.409335 3.379894
243 -1.152866 25.436197
244 -0.170656 0.069589
245 0.110150 0.327696
246 -10.026166 6.165235
247 0.214735 1.008111
248 0.899847 6.744548
249 -4.556078 0.165238
250 -0.000000 0.000000
251 -4.391051 2.055226
252 -1.195917 25.210093
253 -0.163018 0.152806
254 0.116045 0.369482
255 -17.789646 16.314630
256 0.253191 1.177591
257 0.953564 8.227531
258 -6.997074 4.517831
259 -0.000000 0.000000
260 -4.230926 3.878468
261 -1.301259 24.070105
262 -0.192858 0.136672
263 0.141500 0.384403
264 -6.022245 8.694500
265 0.284445 1.337642
266 1.169137 9.616514
267 -10.923669 2.854164
268 -0.000000 0.000000
269 -4.506628 3.292069
270 -1.187346 26.942596
271 -0.160658 0.238767
272 0.135006 0.545427
273 -150.943120 11.452198
274 0.287877 1.582662
275 1.289929 11.003358
276 -11.757343 16.342813
277 -0.000000 0.000000
278 -3.834180 4.070662
279 -1.087774 23.590935
280 -0.227672 0.253221
281 0.151583 0.448831
282 -43.418470 56.194706
283 0.297780 1.603494
284 1.285096 11.989348
285 -16.370127 13.000661
286 -0.000000 0.000000
287 -3.920596 4.667496
288 -1.222345 27.267370
289 -0.326177 0.305659
290 0.166360 0.475732
291 -9.994424 21.965881
292 0.319906 1.807775
293 1.198609 11.650660
294 -23.929306 26.402863
295 -0.000000 0.000000
296 -4.531146 4.412859
297 -1.426433 25.849470
298 -0.185491 0.344367
299 0.184167 0.548458
300 -253.341350 16.456970
301 0.341253 1.858478
302 1.367301 11.859351
303 -2.946336 25.531260
304 -0.000000 0.000000
305 -3.538375 3.927377
306 -1.186667 22.403023
307 -0.307563 0.234304
308 0.143525 0.545136
309 -60.145070 55.268635
310 0.313433 1.914602
311 1.287696 12.873854
312 -32.387325 11.756218
313 -0.000000 0.000000
314 -4.556607 4.696850
315 -1.129712 28.242073
316 -0.263738 0.120319
317 0.134261 0.519819
318 -90.941940 86.972810
319 0.317044 1.736336
320 1.349556 11.719117
321 -22.310276 4.230033
322 -0.000000 0.000000
323 -4.382402 1.875943
324 -1.116990 25.592802
325 30.620083 32.836990
326 30.532732 32.836952
327 30.442590 32.836910
328 0.051134 2.272808
329 0.194897 5.763325
330 -8.717697 0.000016
331 -0.000000 0.000000
332 -3.747432 0.063344
333 -1.795086 15.372855
334 -0.136318 0.140420
335 0.019023 0.238350
336 -5.552550 28.409195
337 0.037096 0.698932
338 0.153900 4.943188
339 -0.218967 0.469503
340 -0.000000 0.000000
341 -4.779019 4.387304
342 -0.856293 29.006855
343 -0.054335 0.031046
344 0.014431 0.169034
345 -14.624987 3.661236
346 0.031707 0.538919
347 0.122415 3.330671
348 -0.047099 0.313836
349 -0.000000 0.000000
350 -4.089863 2.742620
351 -0.944741 22.557196
