x
-1.000000 1.000000
1 102.951360 107.490950
2 102.892845 107.472690
3 102.834400 107.454445
4 0.601079 3.471893
5 2.856542 13.589133
6 -15.884391 28.597445
7 -0.000000 0.000000
8 -0.728912 2.819189
9 -1.584534 10.545146
10 -7.985590 -5.105132
11 4.212618 7.938840
12 -7.891170 -3.231134
13 0.621936 2.652939
14 2.701364 8.172228
15 -0.687927 7.004056
16 -0.000000 0.000000
17 -1.242831 2.041521
18 -1.483145 5.731214
19 -1.407536 -0.127921
20 0.461812 1.116162
21 -134.484120 61.642845
22 0.873975 1.621511
23 3.448046 9.557449
24 -3.503490 4.780798
25 -0.000000 0.000000
26 -1.142960 1.108820
27 -1.385699 3.322457
28 -2.252568 0.425343
29 0.870433 1.835716
30 -34.727160 81.755900
31 1.124474 2.244442
32 4.831454 11.366214
33 -2.250882 10.773209
34 -0.000000 0.000000
35 -0.715844 0.990182
36 -1.156607 1.774810
37 -1.042653 0.624766
38 0.619438 1.365717
39 -193.923970 154.613100
40 1.335914 2.188027
41 5.223230 10.924570
42 -4.361918 5.031117
43 -0.000000 0.000000
44 -0.795410 0.972429
45 -1.282994 3.488649
46 -1.605795 0.117771
47 0.731000 1.608037
48 -1667.523000 200.625460
49 1.237849 2.266930
50 4.612917 11.293151
51 -10.374967 5.204405
52 -0.000000 0.000000
53 -1.142049 0.707693
54 -1.121722 2.709870
55 -1.342228 0.782425
56 0.680154 1.642193
57 -15.882517 27.576256
58 1.485453 2.595225
59 5.944311 13.500594
60 -7.131649 12.166740
61 -0.000000 0.000000
62 -0.859515 1.152012
63 -0.958874 2.422397
64 -1.364421 0.651068
65 0.755619 1.694914
66 -36.476265 32.642490
67 1.539547 2.881433
68 6.046952 13.870166
69 -13.878418 9.520692
70 -0.000000 0.000000
71 -0.893813 0.866994
72 -1.195506 2.452744
73 -1.092966 0.720709
74 0.710060 1.787667
75 -81.333230 283.357900
76 1.633119 2.988226
77 6.264963 13.736889
78 -13.546289 10.721309
79 -0.000000 0.000000
80 -0.799826 0.871823
81 -1.221380 2.152191
82 -1.580227 0.563117
83 0.831155 1.850704
84 -62.280323 268.700470
85 1.713834 3.359244
86 6.469941 15.077655
87 -20.290525 10.237798
88 -0.000000 0.000000
89 -0.944681 0.803967
90 -1.120760 2.615483
91 -1.107338 0.873403
92 0.786806 1.858271
93 -461.799560 23.593725
94 1.753444 2.976585
95 7.128780 14.480101
96 -11.413639 8.743518
97 -0.000000 0.000000
98 -0.782235 1.017971
99 -1.066119 2.511301
100 -1.149084 0.885775
101 0.675281 1.947772
102 -104.077960 145.741070
103 1.570367 2.947224
104 7.112926 15.385233
105 -14.984674 18.822496
106 -0.000000 0.000000
107 -0.837279 1.690578
108 -1.068132 4.652899
109 -0.182200 0.158427
110 0.092088 0.509588
111 -7.777381 132.811100
112 0.175300 1.013495
113 0.936513 4.993560
114 -0.642843 1.680004
115 -0.000000 0.000000
116 -2.387989 2.145754
117 -0.743246 6.837772
118 -0.115548 0.107693
119 0.097923 0.326608
120 -24.392378 12.168846
121 0.186014 0.688526
122 0.786196 3.680918
123 -0.197625 0.251201
124 -0.000000 0.000000
125 -2.733146 2.591798
126 -1.047399 15.180916
127 -0.069703 0.146506
128 0.125654 0.326972
129 -16.810476 5.063475
130 0.229408 0.863183
131 0.922063 6.978434
132 -1.189155 2.029285
133 -0.000000 0.000000
134 -2.272933 3.372414
135 -1.100441 18.214275
136 -0.111523 0.145784
137 0.160075 0.404806
138 -25.829239 35.580135
139 0.342681 0.831628
140 1.363975 6.073027
141 -0.693685 1.510987
142 -0.000000 0.000000
143 -2.259948 3.114549
144 -1.141023 16.618256
145 -0.095730 0.095020
146 0.183411 0.513231
147 -15.574184 14.906749
148 0.367190 1.034516
149 1.649964 8.165467
150 -4.387945 1.682007
151 -0.000000 0.000000
152 -4.333595 3.138562
153 -1.204347 27.026863
154 -0.131023 0.084044
155 0.209026 0.564494
156 -269.762570 23.346436
157 0.418426 1.103061
158 1.722440 8.697080
159 -1.988748 1.703875
160 -0.000000 0.000000
161 -2.983952 2.442675
162 -0.966139 15.509873
163 -0.172652 0.143550
164 0.211954 0.593451
165 -42.521700 55.494260
166 0.440807 1.439385
167 1.776436 11.125813
168 -3.541547 1.786543
169 -0.000000 0.000000
170 -2.624454 2.394276
171 -1.113333 12.344403
172 -0.154105 0.186390
173 0.235322 0.662631
174 -49.931385 26.144550
175 0.503187 1.248298
176 1.955414 8.374752
177 -5.108606 2.565900
178 -0.000000 0.000000
179 -3.307163 2.153443
180 -1.201881 17.521933
181 -0.133336 0.109105
182 0.233343 0.652319
183 -28.774010 22.658588
184 0.495719 1.464179
185 1.967130 10.362138
186 -9.878503 12.348177
187 -0.000000 0.000000
188 -3.409772 3.889915
189 -1.179717 22.944967
190 -0.140134 0.188139
191 0.190914 0.667707
192 -84.210686 12.633902
193 0.477380 1.508601
194 2.025021 10.016418
195 -10.257391 1.737964
196 -0.000000 0.000000
197 -2.954160 1.908051
198 -1.127851 15.724171
199 -0.134078 0.126738
200 0.274358 0.743750
201 -569.318540 85.500140
202 0.521793 1.561834
203 2.168513 13.069259
204 -2.226382 8.008682
205 -0.000000 0.000000
206 -2.548897 3.659152
207 -1.137306 22.094778
208 -0.109707 0.195169
209 0.240943 0.703358
210 -36.514927 16.748154
211 0.463956 1.456190
212 2.083824 11.039588
213 -0.806784 6.313137
214 -0.000000 0.000000
215 -0.896981 2.182237
216 -1.086472 12.146512
217 -0.065817 0.119187
218 0.073442 0.356016
219 -9.887071 5.908224
220 0.150623 0.830360
221 0.657491 6.132151
222 -0.286873 1.811293
223 -0.000000 0.000000
224 -3.719858 3.848052
225 -1.062653 22.474678
226 -0.056469 0.085553
227 0.067800 0.209374
228 -5.547146 3.199110
229 0.135999 0.598594
230 0.563807 4.443811
231 -0.395598 1.026678
232 -0.000000 0.000000
233 -4.115140 4.733220
234 -1.034801 29.442980
235 -0.180473 0.161802
236 0.086956 0.280038
237 -29.072504 17.359000
238 0.175581 1.128767
239 0.732324 7.966863
240 -7.064790 4.868063
241 -0.000000 0.000000
242 -4.857434 4.582689
243 -1.025683 29.848412
244 -0.168322 0.128093
245 0.112305 0.320174
246 -221.463210 9.482546
247 0.250375 1.014450
248 1.150499 6.849170
249 -4.641645 2.251773
250 -0.000000 0.000000
251 -4.396432 4.522781
252 -1.154371 27.462404
253 -0.141012 0.199221
254 0.146263 0.366121
255 -6.723917 7.144917
256 0.274765 1.323489
257 1.259782 10.594619
258 -7.514447 11.451348
259 -0.000000 0.000000
260 -4.220182 4.884447
261 -0.977894 29.833940
262 -0.187058 0.180618
263 0.125201 0.397488
264 -85.842705 10.923490
265 0.294115 1.414912
266 1.226490 10.702004
267 -12.833146 13.619865
268 -0.000000 0.000000
269 -4.807996 4.754493
270 -1.216128 30.441448
271 -0.189346 0.269130
272 0.143953 0.455596
273 -9.834994 73.501015
274 0.276557 1.817343
275 1.155253 13.579986
276 -17.562752 27.960604
277 -0.000000 0.000000
278 -4.424186 4.606342
279 -1.025350 28.738100
280 -0.178380 0.238055
281 0.162796 0.487748
282 -43.724550 39.762730
283 0.348620 1.433729
284 1.528465 10.737643
285 -10.750623 12.217766
286 -0.000000 0.000000
287 -4.560321 4.689223
288 -1.347231 28.394617
289 -0.292325 0.289221
290 0.171868 0.443536
291 -16.150019 678.186700
292 0.332320 1.732662
293 1.212129 11.626294
294 -22.777340 23.593527
295 -0.000000 0.000000
296 -4.719497 4.485094
297 -1.286924 27.976511
298 -0.131380 0.279433
299 0.157678 0.547661
300 -103.532730 40.370544
301 0.338321 1.685628
302 1.289290 11.228598
303 -2.417199 18.383348
304 -0.000000 0.000000
305 -3.932012 3.795416
306 -1.104411 22.976467
307 -0.319503 0.170749
308 0.183614 0.521520
309 -45.280212 10.365620
310 0.315719 2.106775
311 1.246670 14.826319
312 -46.802730 14.499302
313 -0.000000 0.000000
314 -4.949223 4.687470
315 -1.225446 30.521437
316 -0.276014 0.110409
317 0.146699 0.521167
318 -54.170020 193.380050
319 0.305725 1.833617
320 1.406706 13.158314
321 -27.764048 3.520661
322 -0.000000 0.000000
323 -4.483964 2.499047
324 -1.192559 27.054228
325 29.775840 32.572170
326 29.668858 32.572014
327 29.561653 32.571854
328 0.095802 2.515400
329 0.379628 5.940445
330 -5.345281 0.000168
331 -0.000000 0.000000
332 -3.414388 0.180186
333 -1.902668 14.104093
334 -0.127510 0.129127
335 0.030655 0.164988
336 -10.235867 6.916778
337 0.062735 0.738044
338 0.262548 4.972899
339 -0.221271 0.503740
340 -0.000000 0.000000
341 -1.734448 3.401085
342 -0.774112 14.238352
343 -0.034863 0.028652
344 0.025002 0.131931
345 -1.768573 1131.336300
346 0.052640 0.540020
347 0.213809 3.535451
348 -0.036082 0.361383
349 -0.000000 0.000000
350 -4.373382 2.828525
351 -0.791879 27.957891
